Academic license - for non-commercial use only
SOLUTION
55997.683698
0: 186, 256
8: 233, 277
10: 55, 73, 74, 283
14: 230, 293
24: 30, 79
26: 7, 87, 171, 222
27: 218, 278
29: 24, 269
32: 71, 238
33: 40, 82, 149, 229
41: 41, 185, 247, 289
45: 90, 299
50: 60, 147, 193, 260
54: 5, 59
55: 246, 288
57: 129, 286
58: 115, 120, 194, 273
62: 50, 125, 175, 182
65: 8, 61, 204, 285
66: 159, 208
67: 29, 37, 163, 243
68: 23, 254
73: 94, 199, 248, 263
74: 100, 197
78: 35, 207
79: 66, 108, 130, 158, 180, 258
82: 18, 64, 99, 234
84: 22, 173
87: 38, 187
97: 141, 152, 168, 251
98: 51, 167
99: 225, 295
100: 54, 81, 111, 231
104: 126, 281
107: 43, 153
108: 17, 188, 249, 271
111: 118, 242
113: 122, 221
114: 198, 287
117: 212, 213
120: 27, 200, 259, 296
122: 264, 270, 272, 298
125: 1, 255
126: 11, 116, 148, 291
127: 67, 121, 275, 282
129: 52, 124, 176, 239
135: 19, 45, 160, 226
136: 143, 215
137: 42, 257
139: 36, 166
146: 93, 101, 151, 280
148: 39, 70
150: 133, 135, 179, 209
154: 85, 220
155: 63, 65, 75, 77, 131, 132
160: 83, 224
163: 178, 201
165: 69, 189
168: 26, 117
174: 34, 107, 169, 250
183: 109, 184, 190, 235
185: 49, 53
187: 4, 104, 127, 240
190: 6, 206
191: 20, 56, 113, 140, 223, 266
197: 211, 261
198: 28, 110, 214, 284
199: 154, 174
200: 86, 155, 191, 210
205: 0, 164
207: 21, 31, 96, 98, 102, 128
209: 138, 216, 227, 297
212: 136, 139, 195, 232
215: 144, 146
217: 44, 105
219: 25, 112, 161, 192, 267, 276
224: 217, 274
225: 2, 33
226: 88, 95, 170, 228
228: 13, 89, 123, 177
231: 119, 236
234: 58, 62
238: 12, 80, 156, 196
243: 68, 76, 92, 252
247: 10, 32, 106, 165
250: 183, 244
255: 14, 57, 78, 103
257: 9, 47, 97, 162, 172, 181, 237, 245
260: 48, 142, 203, 241
261: 145, 219
262: 3, 16
275: 15, 150, 268, 279
277: 72, 290
278: 91, 205, 262, 294
284: 202, 253
294: 134, 292
295: 46, 84
297: 114, 137, 157, 265
SOLUTION
1153.303936
97: 298, 299
156: 1, 2, 7, 9, 11, 18, 21, 23, 26, 27, 30, 34, 37, 38, 39, 40, 42, 43, 45, 46, 47, 51, 53, 55, 56, 60, 61, 63, 67, 68, 70, 71, 73, 74, 78, 79, 80, 81, 82, 83, 89, 91, 92, 95, 96, 97, 99, 100, 101, 103, 104, 107, 109, 110, 111, 113, 116, 117, 118, 120, 122, 124, 128, 130, 133, 135, 136, 138, 141, 145, 146, 147, 148, 150, 151, 153, 154, 155, 156, 157, 158, 160, 168, 170, 171, 172, 173, 174, 178, 180, 182, 184, 185, 186, 187, 190, 192, 193, 194, 197, 201, 202, 203, 207, 208, 212, 213, 214, 215, 218, 220, 222, 223, 225, 226, 227, 228, 229, 230, 234, 237, 239, 242, 243, 245, 246, 248, 249, 250, 251, 253, 255, 256, 257, 258, 260, 262, 264, 265, 267, 268, 269, 271, 278, 279, 281, 282, 284, 288, 289, 290, 293, 294, 295
223: 0, 5, 8, 10, 12, 13, 15, 17, 19, 20, 24, 29, 41, 44, 49, 50, 54, 64, 65, 72, 75, 76, 77, 87, 88, 90, 94, 98, 102, 105, 106, 108, 115, 123, 127, 137, 140, 143, 144, 149, 159, 161, 162, 164, 165, 169, 175, 176, 181, 183, 189, 198, 200, 204, 206, 209, 217, 219, 221, 224, 231, 232, 233, 236, 238, 240, 244, 252, 254, 259, 261, 270, 274, 275, 276, 283, 287, 297
238: 3, 4, 6, 14, 16, 22, 25, 28, 31, 32, 33, 35, 36, 48, 52, 57, 58, 59, 62, 66, 69, 84, 85, 86, 93, 112, 114, 119, 121, 125, 126, 129, 131, 132, 134, 139, 142, 152, 163, 166, 167, 177, 179, 188, 191, 195, 196, 199, 205, 210, 211, 216, 235, 241, 247, 263, 266, 272, 273, 277, 280, 285, 286, 291, 292, 296
SOLUTION
1032.432499
156: 1, 2, 7, 9, 11, 12, 18, 21, 23, 26, 27, 30, 34, 37, 38, 39, 40, 42, 43, 45, 46, 47, 48, 51, 53, 55, 56, 60, 61, 63, 67, 68, 70, 71, 73, 74, 78, 79, 80, 81, 82, 83, 89, 91, 92, 95, 96, 97, 99, 100, 101, 103, 104, 107, 109, 110, 111, 113, 116, 117, 118, 120, 122, 123, 124, 128, 130, 133, 135, 136, 138, 141, 146, 147, 148, 150, 151, 153, 154, 155, 156, 158, 160, 168, 170, 171, 172, 173, 174, 178, 180, 182, 184, 185, 186, 187, 190, 192, 193, 194, 197, 201, 202, 203, 207, 208, 212, 213, 214, 215, 218, 220, 222, 223, 225, 226, 227, 228, 229, 230, 234, 237, 239, 242, 243, 245, 246, 248, 249, 250, 251, 253, 255, 256, 257, 258, 260, 262, 264, 265, 267, 268, 269, 271, 278, 279, 281, 282, 284, 288, 289, 290, 293, 294, 295, 299
223: 0, 5, 8, 10, 13, 15, 17, 19, 20, 24, 29, 41, 44, 49, 50, 54, 64, 65, 72, 75, 76, 77, 87, 88, 90, 94, 98, 102, 105, 106, 108, 115, 127, 137, 140, 143, 144, 149, 159, 161, 162, 164, 165, 169, 175, 176, 181, 183, 189, 198, 200, 204, 206, 209, 217, 219, 221, 224, 231, 232, 233, 236, 238, 240, 244, 252, 254, 259, 261, 270, 274, 275, 276, 283, 287, 297
238: 3, 4, 6, 14, 16, 22, 25, 28, 31, 32, 33, 35, 36, 52, 57, 58, 59, 62, 66, 69, 84, 85, 86, 93, 112, 114, 119, 121, 125, 126, 129, 131, 132, 134, 139, 142, 145, 152, 157, 163, 166, 167, 177, 179, 188, 191, 195, 196, 199, 205, 210, 211, 216, 235, 241, 247, 263, 266, 272, 273, 277, 280, 285, 286, 291, 292, 296, 298
SOLUTION
1019.666169
156: 1, 2, 7, 9, 11, 18, 21, 23, 26, 27, 30, 34, 37, 38, 39, 40, 42, 43, 45, 46, 47, 51, 53, 55, 56, 60, 61, 63, 67, 68, 70, 71, 73, 74, 78, 79, 80, 81, 82, 83, 89, 91, 92, 95, 96, 97, 99, 100, 101, 103, 104, 107, 109, 110, 111, 113, 116, 117, 118, 120, 122, 124, 128, 130, 133, 135, 136, 138, 141, 145, 146, 147, 148, 150, 151, 153, 154, 155, 156, 157, 158, 160, 168, 170, 171, 172, 173, 174, 178, 180, 182, 184, 185, 186, 187, 190, 192, 193, 194, 197, 201, 202, 203, 207, 208, 212, 213, 214, 215, 218, 220, 222, 223, 225, 226, 227, 228, 229, 230, 234, 235, 237, 239, 242, 243, 245, 246, 248, 249, 250, 251, 253, 255, 256, 257, 258, 260, 262, 264, 265, 267, 268, 269, 271, 278, 279, 281, 282, 284, 288, 289, 290, 293, 294, 295, 299
223: 0, 5, 8, 12, 13, 15, 17, 19, 20, 24, 29, 41, 44, 49, 50, 54, 64, 65, 72, 75, 76, 77, 87, 88, 90, 94, 102, 105, 106, 108, 115, 123, 127, 137, 140, 143, 144, 149, 159, 161, 162, 164, 165, 169, 175, 176, 181, 183, 189, 198, 200, 204, 206, 209, 217, 219, 221, 224, 231, 232, 233, 236, 238, 240, 244, 252, 254, 259, 261, 270, 274, 275, 276, 283, 287, 297
238: 3, 4, 6, 10, 14, 16, 22, 25, 28, 31, 32, 33, 35, 36, 48, 52, 57, 58, 59, 62, 66, 69, 84, 85, 86, 93, 98, 112, 114, 119, 121, 125, 126, 129, 131, 132, 134, 139, 142, 152, 163, 166, 167, 177, 179, 188, 191, 195, 196, 199, 205, 210, 211, 216, 241, 247, 263, 266, 272, 273, 277, 280, 285, 286, 291, 292, 296, 298
SOLUTION
1018.954529
156: 1, 2, 7, 9, 11, 18, 21, 23, 26, 27, 30, 34, 37, 38, 39, 40, 42, 43, 45, 46, 47, 51, 53, 55, 56, 60, 61, 63, 67, 68, 70, 71, 73, 74, 78, 79, 80, 81, 82, 83, 89, 91, 92, 95, 96, 97, 99, 100, 101, 103, 104, 107, 109, 110, 111, 113, 116, 117, 118, 120, 122, 124, 128, 130, 133, 135, 136, 138, 141, 145, 146, 147, 148, 150, 151, 153, 154, 155, 156, 157, 158, 160, 168, 170, 171, 172, 173, 174, 178, 180, 182, 184, 185, 186, 187, 190, 192, 193, 194, 197, 201, 202, 203, 207, 208, 212, 213, 214, 215, 218, 220, 222, 223, 225, 226, 227, 228, 229, 230, 234, 235, 237, 239, 242, 243, 245, 246, 248, 249, 250, 251, 253, 255, 256, 257, 258, 260, 262, 264, 265, 267, 268, 269, 271, 278, 279, 281, 282, 284, 288, 289, 290, 293, 294, 295, 299
223: 0, 5, 8, 10, 12, 13, 15, 17, 19, 20, 24, 29, 41, 44, 49, 50, 54, 64, 65, 72, 75, 76, 77, 87, 88, 90, 94, 98, 102, 105, 106, 108, 115, 123, 127, 137, 140, 143, 144, 149, 159, 161, 162, 164, 165, 169, 175, 176, 181, 183, 189, 198, 200, 204, 206, 209, 217, 219, 221, 224, 231, 232, 233, 236, 238, 240, 244, 252, 254, 259, 261, 270, 274, 275, 276, 283, 287, 297
238: 3, 4, 6, 14, 16, 22, 25, 28, 31, 32, 33, 35, 36, 48, 52, 57, 58, 59, 62, 66, 69, 84, 85, 86, 93, 112, 114, 119, 121, 125, 126, 129, 131, 132, 134, 139, 142, 152, 163, 166, 167, 177, 179, 188, 191, 195, 196, 199, 205, 210, 211, 216, 241, 247, 263, 266, 272, 273, 277, 280, 285, 286, 291, 292, 296, 298
1018.954529
4.088668
2
