Academic license - for non-commercial use only
SOLUTION
137138.565888
1: 109
2: 236
3: 26, 127, 237
4: 163
5: 80
6: 31
8: 99
9: 124
10: 141
11: 215
12: 244
13: 44, 54, 295
14: 84, 119, 146
15: 263
16: 253
18: 225
20: 98
21: 150
22: 189
23: 259
24: 24
25: 122
26: 48
27: 164
28: 246
29: 51
30: 274
35: 297
36: 144
37: 188
39: 129, 256, 280
40: 149
41: 43
42: 8
43: 238, 261, 271
45: 9
47: 21
51: 132
52: 126
53: 281
54: 57, 158, 250
55: 50, 166, 184
56: 2
57: 185
58: 202
59: 137, 228, 278
60: 170
61: 85
62: 67
63: 59
64: 134
65: 33, 88, 276
66: 247
67: 179
68: 145
70: 70
71: 172
72: 113
73: 201
75: 74
76: 92
77: 195
78: 39
79: 174
81: 123
82: 125
83: 257
84: 102
86: 66
88: 56
91: 115
92: 45, 91, 112, 252, 293
93: 46
94: 242
95: 176
97: 100
98: 35
99: 245
100: 101
101: 72
104: 120, 178, 277
105: 160
106: 65
107: 183
108: 290
109: 199
110: 71, 75, 272
111: 227
113: 275
114: 148
117: 13
118: 197
119: 193
120: 269
121: 90
122: 200
123: 61
124: 40
126: 175
127: 55, 106, 287
131: 220
133: 121
134: 34, 130, 147, 205, 208
135: 111, 192, 233
136: 234
138: 182
139: 3
141: 76
143: 93
144: 18
147: 156
149: 17, 58, 108
152: 262
153: 243
154: 285
155: 32
156: 241
157: 68
158: 231
159: 162
160: 36
163: 53
164: 16
165: 180
166: 249
167: 30
168: 191
169: 83
170: 286
171: 81
173: 194
175: 140
176: 181
178: 157
181: 114
182: 217
183: 143
184: 1, 19, 153
185: 52, 168, 230
186: 212, 226, 289
187: 221
188: 79
190: 279
191: 110
192: 224
193: 152
194: 5, 169, 264
195: 135
196: 240
198: 142
201: 6
202: 62
203: 251
204: 219
206: 14
207: 187
210: 267
212: 60
213: 203
214: 229
215: 69
217: 95
218: 78, 86, 131, 139, 266
220: 96
222: 173
224: 239
225: 207
226: 258
227: 235
228: 105
229: 12, 38, 117
230: 22, 248, 265
231: 296
232: 288
233: 82
234: 29
235: 118
236: 282
237: 63
238: 41
239: 204
240: 7
241: 15
242: 167
243: 87, 196, 216
244: 49
245: 73
246: 64, 159, 206
247: 283
249: 37
250: 103, 154, 171, 213, 214
251: 138
252: 190
253: 268
254: 133, 151, 273
255: 218
256: 210
257: 209
258: 128
259: 20
260: 0, 254, 294
261: 89
262: 223
263: 107
264: 10
265: 298
266: 291
268: 116
269: 97
270: 42, 47, 136
275: 232
276: 186
277: 198
278: 165
279: 11
280: 27
282: 155
283: 94
284: 25
286: 77
287: 222
288: 260
290: 270
291: 23
292: 299
293: 4
294: 284
295: 211
296: 255
297: 104
298: 161, 177, 292
299: 28
SOLUTION
1038.471853
97: 4, 9, 21, 25, 26, 30, 32, 35, 37, 40, 48, 51, 56, 57, 63, 66, 69, 79, 80, 82, 92, 96, 109, 117, 121, 124, 136, 146, 150, 151, 152, 177, 180, 195, 199, 207, 208, 211, 214, 222, 228, 229, 235, 237, 245, 251, 255, 264, 265, 269, 280, 284, 286, 293, 295, 298, 299
156: 1, 2, 7, 11, 18, 23, 27, 34, 38, 39, 42, 43, 45, 46, 47, 53, 55, 60, 61, 67, 68, 70, 71, 73, 74, 78, 81, 83, 89, 91, 95, 97, 99, 100, 101, 103, 104, 107, 110, 111, 113, 116, 118, 120, 122, 128, 130, 133, 135, 138, 141, 145, 147, 148, 153, 154, 155, 156, 157, 158, 160, 170, 171, 172, 173, 174, 178, 182, 184, 185, 186, 187, 190, 192, 193, 194, 197, 201, 202, 203, 212, 213, 215, 218, 220, 223, 225, 226, 227, 230, 234, 239, 242, 243, 246, 248, 249, 250, 253, 256, 257, 258, 260, 262, 267, 268, 271, 278, 279, 281, 282, 288, 289, 290, 294
223: 0, 5, 8, 10, 12, 13, 15, 17, 19, 20, 24, 29, 41, 44, 49, 50, 54, 64, 65, 72, 75, 76, 77, 87, 88, 90, 94, 98, 102, 105, 106, 108, 115, 123, 127, 137, 140, 143, 144, 149, 159, 161, 162, 164, 165, 168, 169, 175, 176, 181, 183, 189, 198, 200, 204, 206, 209, 217, 219, 221, 224, 231, 232, 233, 236, 238, 240, 244, 252, 254, 259, 261, 270, 274, 275, 276, 283, 287, 297
238: 3, 6, 14, 16, 22, 28, 31, 33, 36, 52, 58, 59, 62, 84, 85, 86, 93, 112, 114, 119, 125, 126, 129, 131, 132, 134, 139, 142, 163, 166, 167, 179, 188, 191, 196, 205, 210, 216, 241, 247, 263, 266, 272, 273, 277, 285, 291, 292, 296
SOLUTION
1037.985563
97: 4, 9, 21, 25, 26, 30, 32, 35, 37, 40, 48, 51, 56, 57, 63, 66, 69, 79, 80, 82, 92, 96, 109, 117, 121, 124, 136, 146, 150, 151, 152, 177, 180, 184, 195, 199, 207, 208, 211, 214, 222, 228, 229, 235, 237, 241, 245, 251, 255, 264, 265, 269, 280, 284, 286, 293, 295, 298, 299
156: 1, 2, 7, 11, 18, 23, 27, 34, 38, 39, 42, 43, 45, 46, 47, 53, 55, 60, 61, 67, 68, 70, 71, 73, 74, 78, 81, 83, 89, 91, 95, 97, 99, 100, 101, 103, 104, 107, 110, 111, 113, 116, 118, 120, 122, 128, 130, 133, 135, 138, 141, 145, 147, 148, 153, 154, 155, 156, 157, 158, 160, 168, 170, 171, 172, 173, 174, 178, 182, 185, 186, 187, 190, 192, 193, 194, 197, 201, 202, 203, 212, 213, 215, 218, 220, 223, 225, 226, 227, 230, 234, 239, 242, 243, 246, 248, 249, 250, 253, 256, 257, 258, 260, 262, 267, 268, 271, 278, 279, 281, 282, 288, 289, 290, 294
223: 0, 5, 8, 10, 12, 13, 15, 17, 19, 20, 24, 29, 41, 44, 49, 50, 54, 64, 65, 72, 75, 76, 77, 87, 88, 90, 94, 102, 105, 106, 108, 115, 123, 127, 137, 140, 143, 144, 149, 159, 161, 162, 164, 165, 169, 175, 176, 181, 183, 189, 198, 200, 204, 206, 209, 217, 219, 221, 224, 231, 232, 233, 236, 238, 240, 244, 252, 254, 259, 261, 270, 274, 275, 276, 283, 287, 297
238: 3, 6, 14, 16, 22, 28, 31, 33, 36, 52, 58, 59, 62, 84, 85, 86, 93, 98, 112, 114, 119, 125, 126, 129, 131, 132, 134, 139, 142, 163, 166, 167, 179, 188, 191, 196, 205, 210, 216, 247, 263, 266, 272, 273, 277, 285, 291, 292, 296
SOLUTION
1037.902843
97: 4, 9, 21, 25, 26, 30, 32, 35, 37, 40, 48, 51, 56, 57, 63, 66, 69, 79, 80, 82, 86, 92, 96, 109, 117, 121, 124, 136, 146, 150, 151, 152, 177, 180, 195, 199, 207, 208, 211, 214, 222, 228, 229, 235, 237, 241, 245, 251, 255, 264, 265, 269, 280, 284, 286, 293, 295, 298, 299
156: 1, 2, 7, 11, 18, 23, 27, 34, 38, 39, 42, 43, 45, 46, 47, 53, 55, 60, 61, 67, 68, 70, 71, 73, 74, 78, 81, 83, 89, 91, 95, 97, 99, 100, 101, 103, 104, 107, 110, 111, 113, 116, 118, 120, 122, 128, 130, 133, 135, 138, 141, 145, 147, 148, 153, 154, 155, 156, 157, 158, 160, 170, 171, 172, 173, 174, 178, 182, 184, 185, 186, 187, 190, 192, 193, 194, 197, 201, 202, 203, 212, 213, 215, 218, 220, 223, 225, 226, 227, 230, 234, 239, 242, 243, 246, 248, 249, 250, 253, 256, 257, 258, 260, 262, 267, 268, 271, 278, 279, 281, 282, 288, 289, 290, 294
223: 0, 5, 8, 10, 12, 13, 15, 17, 19, 20, 24, 29, 41, 44, 49, 50, 54, 64, 65, 72, 75, 76, 77, 87, 88, 90, 94, 98, 102, 105, 106, 108, 115, 123, 127, 137, 140, 143, 144, 149, 159, 161, 162, 164, 165, 168, 169, 175, 176, 181, 183, 189, 198, 200, 204, 206, 209, 217, 219, 221, 224, 231, 232, 233, 236, 238, 240, 244, 252, 254, 259, 261, 270, 274, 275, 276, 283, 287, 297
238: 3, 6, 14, 16, 22, 28, 31, 33, 36, 52, 58, 59, 62, 84, 85, 93, 112, 114, 119, 125, 126, 129, 131, 132, 134, 139, 142, 163, 166, 167, 179, 188, 191, 196, 205, 210, 216, 247, 263, 266, 272, 273, 277, 285, 291, 292, 296
1037.902843
11.796346
2
