Academic license - for non-commercial use only
SOLUTION
175864.100435
0: 299
1: 
2: 
3: 
4: 298
5: 
6: 
7: 297
8: 
9: 296
10: 295
11: 294
12: 
13: 
14: 
15: 293
16: 
17: 292
18: 
19: 291
20: 
21: 
22: 290
23: 
24: 
25: 
26: 289
27: 288
28: 
29: 287
30: 
31: 286
32: 
33: 
34: 285
35: 
36: 284
37: 
38: 
39: 
40: 283
41: 282
42: 281
43: 280
44: 279
45: 278
46: 277
47: 
48: 
49: 276
50: 
51: 275
52: 
53: 274
54: 
55: 
56: 
57: 273
58: 
59: 272
60: 
61: 
62: 
63: 271
64: 270
65: 
66: 
67: 
68: 
69: 
70: 269
71: 
72: 268
73: 
74: 
75: 267
76: 266
77: 265
78: 264
79: 263
80: 262
81: 
82: 261
83: 
84: 
85: 
86: 260
87: 259
88: 
89: 
90: 258
91: 257
92: 
93: 
94: 
95: 
96: 
97: 256
98: 255
99: 
100: 254
101: 253
102: 
103: 
104: 252
105: 251
106: 250
107: 
108: 249
109: 
110: 248
111: 247
112: 246
113: 245
114: 244
115: 
116: 243
117: 242
118: 241
119: 
120: 
121: 
122: 240
123: 
124: 239
125: 238
126: 237
127: 236
128: 
129: 
130: 235
131: 
132: 234
133: 233
134: 232
135: 231
136: 
137: 230
138: 
139: 229
140: 
141: 228
142: 227
143: 226
144: 
145: 225
146: 224
147: 223
148: 222
149: 
150: 
151: 
152: 221
153: 
154: 
155: 220
156: 
157: 
158: 
159: 
160: 
161: 219
162: 
163: 
164: 218
165: 217
166: 
167: 
168: 
169: 
170: 
171: 
172: 
173: 216
174: 
175: 215
176: 
177: 214
178: 
179: 213
180: 212
181: 211
182: 210
183: 
184: 
185: 
186: 
187: 209
188: 
189: 
190: 
191: 
192: 
193: 208
194: 
195: 
196: 
197: 207
198: 
199: 206
200: 205
201: 204
202: 
203: 203
204: 202
205: 201
206: 200
207: 
208: 
209: 
210: 199
211: 
212: 
213: 
214: 198
215: 197
216: 196
217: 
218: 195
219: 194
220: 193
221: 
222: 
223: 192
224: 191
225: 190
226: 189
227: 188
228: 187
229: 186
230: 185
231: 
232: 
233: 184
234: 183
235: 
236: 
237: 
238: 182
239: 181
240: 
241: 180
242: 179
243: 
244: 178
245: 177
246: 176
247: 175
248: 174
249: 
250: 
251: 
252: 173
253: 172
254: 171
255: 170
256: 
257: 
258: 
259: 
260: 
261: 169
262: 168
263: 167
264: 166
265: 
266: 165
267: 164
268: 163
269: 
270: 162
271: 161
272: 
273: 160
274: 159
275: 158
276: 157
277: 
278: 156
279: 155
280: 
281: 154
282: 153
283: 152
284: 
285: 151
286: 
287: 
288: 
289: 150
290: 
291: 149
292: 148
293: 
294: 147
295: 
296: 
297: 146
298: 
299: 0, 1, 2, 3, 4, 5, 6, 7, 8, 9, 10, 11, 12, 13, 14, 15, 16, 17, 18, 19, 20, 21, 22, 23, 24, 25, 26, 27, 28, 29, 30, 31, 32, 33, 34, 35, 36, 37, 38, 39, 40, 41, 42, 43, 44, 45, 46, 47, 48, 49, 50, 51, 52, 53, 54, 55, 56, 57, 58, 59, 60, 61, 62, 63, 64, 65, 66, 67, 68, 69, 70, 71, 72, 73, 74, 75, 76, 77, 78, 79, 80, 81, 82, 83, 84, 85, 86, 87, 88, 89, 90, 91, 92, 93, 94, 95, 96, 97, 98, 99, 100, 101, 102, 103, 104, 105, 106, 107, 108, 109, 110, 111, 112, 113, 114, 115, 116, 117, 118, 119, 120, 121, 122, 123, 124, 125, 126, 127, 128, 129, 130, 131, 132, 133, 134, 135, 136, 137, 138, 139, 140, 141, 142, 143, 144, 145
SOLUTION
1026.444099
156: 1, 2, 7, 9, 11, 18, 21, 23, 26, 27, 30, 34, 37, 38, 39, 40, 42, 43, 45, 46, 47, 51, 53, 55, 56, 60, 61, 63, 67, 68, 70, 71, 73, 74, 78, 79, 80, 81, 82, 83, 89, 91, 92, 95, 96, 97, 99, 100, 101, 103, 104, 107, 109, 110, 111, 113, 116, 117, 118, 120, 122, 124, 128, 130, 133, 135, 136, 138, 141, 145, 146, 147, 148, 150, 151, 153, 154, 155, 156, 157, 158, 160, 168, 170, 171, 172, 173, 174, 178, 180, 182, 184, 185, 186, 187, 190, 192, 193, 194, 197, 201, 202, 203, 207, 208, 212, 213, 214, 215, 218, 220, 222, 223, 225, 226, 227, 228, 229, 230, 234, 237, 239, 242, 243, 245, 246, 248, 249, 250, 251, 253, 255, 256, 257, 258, 260, 261, 262, 264, 265, 267, 268, 269, 271, 278, 279, 281, 282, 284, 288, 289, 290, 293, 294, 295, 299
223: 0, 5, 8, 10, 12, 13, 15, 17, 19, 20, 24, 29, 41, 44, 49, 50, 54, 64, 65, 72, 75, 76, 77, 87, 88, 90, 94, 98, 102, 105, 106, 108, 115, 123, 127, 137, 140, 143, 144, 149, 159, 161, 162, 164, 165, 169, 175, 176, 181, 183, 189, 198, 200, 204, 206, 209, 211, 217, 219, 221, 224, 231, 232, 233, 236, 238, 240, 244, 252, 254, 259, 270, 274, 275, 276, 283, 286, 287, 297
238: 3, 4, 6, 14, 16, 22, 25, 28, 31, 32, 33, 35, 36, 48, 52, 57, 58, 59, 62, 66, 69, 84, 85, 86, 93, 112, 114, 119, 121, 125, 126, 129, 131, 132, 134, 139, 142, 152, 163, 166, 167, 177, 179, 188, 191, 195, 196, 199, 205, 210, 216, 235, 241, 247, 263, 266, 272, 273, 277, 280, 285, 291, 292, 296, 298
SOLUTION
1019.130639
156: 1, 2, 7, 9, 11, 18, 21, 23, 26, 27, 30, 34, 37, 38, 39, 40, 42, 43, 45, 46, 47, 51, 53, 55, 56, 60, 61, 63, 67, 68, 70, 71, 73, 74, 78, 79, 80, 81, 82, 83, 89, 91, 92, 95, 96, 97, 99, 100, 101, 103, 104, 107, 109, 110, 111, 113, 116, 117, 118, 120, 122, 124, 128, 130, 133, 135, 136, 138, 141, 145, 146, 147, 148, 150, 151, 153, 154, 155, 156, 157, 158, 160, 168, 170, 171, 172, 173, 174, 178, 180, 182, 184, 185, 186, 187, 190, 192, 193, 194, 197, 201, 202, 203, 207, 208, 212, 213, 214, 215, 218, 220, 222, 223, 225, 226, 227, 228, 229, 230, 234, 235, 237, 239, 242, 243, 245, 246, 248, 249, 250, 251, 253, 255, 256, 257, 258, 260, 262, 264, 265, 267, 268, 269, 271, 278, 279, 281, 282, 284, 288, 289, 290, 293, 294, 295, 299
223: 0, 5, 8, 10, 12, 13, 15, 17, 19, 20, 24, 29, 41, 44, 49, 50, 54, 64, 65, 72, 75, 76, 77, 87, 88, 90, 94, 98, 102, 105, 106, 108, 115, 123, 127, 134, 137, 140, 143, 144, 149, 159, 161, 162, 164, 165, 169, 175, 176, 181, 183, 189, 198, 200, 204, 206, 209, 217, 219, 221, 224, 231, 232, 233, 236, 238, 240, 244, 252, 254, 259, 261, 270, 274, 275, 276, 283, 287, 297
238: 3, 4, 6, 14, 16, 22, 25, 28, 31, 32, 33, 35, 36, 48, 52, 57, 58, 59, 62, 66, 69, 84, 85, 86, 93, 112, 114, 119, 121, 125, 126, 129, 131, 132, 139, 142, 152, 163, 166, 167, 177, 179, 188, 191, 195, 196, 199, 205, 210, 211, 216, 241, 247, 263, 266, 272, 273, 277, 280, 285, 286, 291, 292, 296, 298
SOLUTION
1018.971809
156: 1, 2, 7, 9, 11, 18, 21, 23, 26, 27, 30, 34, 37, 38, 39, 40, 42, 43, 45, 46, 47, 51, 53, 55, 56, 60, 61, 63, 67, 68, 70, 71, 73, 74, 78, 79, 80, 81, 82, 83, 89, 91, 92, 95, 96, 97, 99, 100, 101, 103, 104, 107, 109, 110, 111, 113, 116, 117, 118, 120, 122, 124, 128, 130, 133, 135, 136, 138, 141, 145, 146, 147, 148, 150, 151, 153, 154, 155, 156, 157, 158, 160, 170, 171, 172, 173, 174, 178, 180, 182, 184, 185, 186, 187, 190, 192, 193, 194, 197, 201, 202, 203, 207, 208, 212, 213, 214, 215, 218, 220, 222, 223, 225, 226, 227, 228, 229, 230, 234, 237, 239, 242, 243, 245, 246, 248, 249, 250, 251, 253, 255, 256, 257, 258, 260, 262, 264, 265, 267, 268, 269, 271, 278, 279, 281, 282, 284, 288, 289, 290, 293, 294, 295, 299
223: 0, 5, 8, 10, 12, 13, 15, 17, 19, 20, 24, 29, 41, 44, 49, 50, 54, 64, 65, 72, 75, 76, 77, 87, 88, 90, 94, 98, 102, 105, 106, 108, 115, 123, 127, 137, 140, 143, 144, 149, 159, 161, 162, 164, 165, 168, 169, 175, 176, 181, 183, 189, 198, 200, 204, 206, 209, 217, 219, 221, 224, 231, 232, 233, 236, 238, 240, 244, 252, 254, 259, 261, 270, 274, 275, 276, 283, 287, 297
238: 3, 4, 6, 14, 16, 22, 25, 28, 31, 32, 33, 35, 36, 48, 52, 57, 58, 59, 62, 66, 69, 84, 85, 86, 93, 112, 114, 119, 121, 125, 126, 129, 131, 132, 134, 139, 142, 152, 163, 166, 167, 177, 179, 188, 191, 195, 196, 199, 205, 210, 211, 216, 235, 241, 247, 263, 266, 272, 273, 277, 280, 285, 286, 291, 292, 296, 298
1018.971809
4.665417
2
