Academic license - for non-commercial use only
SOLUTION
2446.859063
0: 1, 2, 3, 4, 5, 6, 7, 8, 9, 10, 11, 12, 13, 14, 15, 16, 17, 18, 19, 20, 21, 22, 23, 24, 25, 26, 27, 28, 29, 30, 31, 32, 33, 34, 35, 36, 37, 38, 39, 40, 41, 42, 43, 44, 45, 46, 47, 48, 49, 50, 51, 52, 53, 54, 55, 56, 57, 58, 59, 60, 61, 62, 63, 64, 65, 66, 67, 68, 69, 70, 71, 72, 73, 74, 75, 76, 77, 78, 79, 80, 81, 82, 83, 84, 85, 86, 87, 88, 89, 90, 91, 92, 93, 94, 95, 96, 97, 98, 99, 100, 101, 102, 103, 104, 105, 106, 107, 108, 109, 110, 111, 112, 113, 114, 115, 116, 117, 118, 119, 120, 121, 122, 123, 124, 125, 126, 127, 128, 129, 130, 131, 132, 133, 134, 135, 136, 137, 138, 139, 140, 141, 142, 143, 144, 145, 146, 147, 148, 149, 150, 151, 152, 153, 154, 155, 156, 157, 158, 159, 160, 161, 162, 163, 164, 165, 166, 167, 168, 169, 170, 171, 172, 173, 174, 175, 176, 177, 178, 179, 180, 181, 182, 183, 184, 185, 186, 187, 188, 189, 190, 191, 192, 193, 194, 195, 196, 197, 198, 199, 200, 201, 202, 203, 204, 205, 206, 207, 208, 209, 210, 211, 212, 213, 214, 215, 216, 217, 218, 219, 220, 221, 222, 223, 224, 225, 226, 227, 228, 229, 230, 231, 232, 233, 234, 235, 236, 237, 238, 239, 240, 241, 242, 243, 244, 245, 246, 247, 248, 249, 250, 251, 252, 253, 254, 255, 256, 257, 258, 259, 260, 261, 262, 263, 264, 265, 266, 267, 268, 269, 270, 271, 272, 273, 274, 275, 276, 277, 278, 279, 280, 281, 282, 283, 284, 285, 286, 287, 288, 289, 290, 291, 292, 293, 294, 295, 296, 297, 298, 299
1: 0
SOLUTION
1105.275388
101: 42, 43, 62, 66, 148, 158, 160, 163, 172, 188, 203, 218, 250, 261, 279
156: 1, 2, 7, 9, 11, 18, 21, 23, 26, 27, 30, 34, 35, 37, 38, 39, 40, 45, 46, 47, 51, 53, 55, 56, 60, 61, 63, 67, 68, 70, 71, 73, 74, 78, 79, 80, 81, 82, 83, 89, 91, 92, 95, 96, 97, 99, 100, 101, 103, 104, 107, 109, 110, 111, 113, 116, 117, 118, 120, 122, 124, 128, 130, 133, 135, 136, 138, 141, 145, 146, 147, 150, 151, 152, 153, 154, 155, 156, 157, 170, 171, 173, 174, 178, 180, 182, 184, 185, 186, 187, 190, 192, 193, 194, 197, 201, 202, 207, 208, 212, 213, 214, 215, 220, 222, 223, 225, 226, 227, 228, 229, 230, 234, 235, 237, 239, 242, 243, 245, 246, 248, 249, 251, 253, 255, 256, 257, 258, 260, 262, 264, 265, 267, 268, 269, 271, 278, 281, 282, 284, 288, 289, 290, 293, 294, 295, 299
223: 0, 5, 8, 10, 12, 13, 15, 17, 19, 20, 24, 29, 41, 44, 49, 50, 54, 64, 65, 72, 75, 76, 77, 87, 88, 90, 94, 98, 102, 105, 106, 108, 115, 123, 127, 134, 137, 140, 143, 144, 149, 159, 161, 162, 164, 165, 168, 169, 175, 176, 181, 183, 189, 198, 200, 204, 206, 209, 217, 219, 221, 224, 231, 232, 233, 236, 238, 240, 244, 252, 254, 259, 270, 274, 275, 276, 283, 287, 297
238: 3, 4, 6, 14, 16, 22, 25, 28, 31, 32, 33, 36, 48, 52, 57, 58, 59, 69, 84, 85, 86, 93, 112, 114, 119, 121, 125, 126, 129, 131, 132, 139, 142, 166, 167, 177, 179, 191, 195, 196, 199, 205, 210, 211, 216, 241, 247, 263, 266, 272, 273, 277, 280, 285, 286, 291, 292, 296, 298
SOLUTION
1089.105823
101: 11, 27, 35, 42, 43, 54, 62, 63, 66, 67, 68, 71, 83, 89, 97, 105, 108, 113, 115, 123, 135, 146, 148, 152, 155, 158, 160, 163, 168, 172, 174, 175, 181, 182, 187, 188, 197, 198, 203, 209, 218, 220, 225, 226, 228, 234, 237, 250, 253, 259, 260, 261, 262, 267, 269, 279, 282, 287, 294
156: 1, 2, 7, 9, 18, 21, 23, 26, 30, 34, 37, 38, 39, 40, 45, 46, 47, 51, 53, 55, 56, 60, 61, 70, 73, 74, 78, 79, 80, 81, 82, 91, 92, 95, 96, 99, 100, 101, 103, 104, 107, 109, 110, 111, 116, 117, 118, 120, 122, 124, 128, 130, 133, 136, 138, 141, 145, 147, 150, 151, 153, 154, 156, 157, 170, 173, 178, 180, 184, 185, 186, 190, 192, 193, 194, 201, 202, 207, 208, 212, 213, 214, 215, 222, 223, 227, 229, 230, 239, 242, 243, 245, 246, 248, 249, 251, 255, 256, 257, 258, 264, 265, 268, 271, 278, 281, 284, 288, 289, 290, 293, 295, 299
223: 0, 5, 8, 10, 12, 13, 15, 17, 19, 20, 24, 29, 41, 44, 49, 50, 64, 65, 72, 75, 76, 77, 87, 88, 90, 94, 98, 102, 106, 127, 137, 140, 143, 144, 149, 159, 161, 162, 164, 165, 169, 171, 176, 183, 189, 200, 204, 206, 217, 219, 221, 224, 231, 232, 233, 236, 238, 240, 244, 252, 254, 270, 274, 275, 276, 283, 297
238: 3, 4, 6, 14, 16, 22, 25, 28, 31, 32, 33, 36, 48, 52, 57, 58, 59, 69, 84, 85, 86, 93, 112, 114, 119, 121, 125, 126, 129, 131, 132, 134, 139, 142, 166, 167, 177, 179, 191, 195, 196, 199, 205, 210, 211, 216, 235, 241, 247, 263, 266, 272, 273, 277, 280, 285, 286, 291, 292, 296, 298
SOLUTION
1089.046413
101: 11, 27, 35, 42, 43, 54, 62, 63, 66, 67, 68, 71, 83, 89, 97, 105, 108, 113, 115, 123, 135, 146, 148, 152, 155, 158, 160, 163, 171, 172, 174, 175, 181, 182, 187, 188, 197, 198, 203, 209, 218, 220, 225, 226, 228, 234, 237, 250, 253, 259, 260, 261, 262, 267, 269, 279, 282, 287, 294
156: 1, 2, 7, 9, 18, 21, 23, 26, 30, 34, 37, 38, 39, 40, 45, 46, 47, 51, 53, 55, 56, 60, 61, 70, 73, 74, 78, 79, 80, 81, 82, 91, 92, 95, 96, 99, 100, 101, 103, 104, 107, 109, 110, 111, 116, 117, 118, 120, 122, 124, 128, 130, 133, 136, 138, 141, 145, 147, 150, 151, 153, 154, 156, 157, 170, 173, 178, 180, 184, 185, 186, 190, 192, 193, 194, 201, 202, 207, 208, 212, 213, 214, 215, 222, 223, 227, 229, 230, 239, 242, 243, 245, 246, 248, 249, 251, 255, 256, 257, 258, 264, 265, 268, 271, 278, 281, 284, 288, 289, 290, 293, 295, 299
223: 0, 5, 8, 10, 12, 13, 15, 17, 19, 20, 24, 29, 41, 44, 49, 50, 64, 65, 72, 75, 76, 77, 87, 88, 90, 94, 98, 102, 106, 127, 137, 140, 143, 144, 149, 159, 161, 162, 164, 165, 168, 169, 176, 183, 189, 200, 204, 206, 217, 219, 221, 224, 231, 232, 233, 236, 238, 240, 244, 252, 254, 270, 274, 275, 276, 283, 297
238: 3, 4, 6, 14, 16, 22, 25, 28, 31, 32, 33, 36, 48, 52, 57, 58, 59, 69, 84, 85, 86, 93, 112, 114, 119, 121, 125, 126, 129, 131, 132, 134, 139, 142, 166, 167, 177, 179, 191, 195, 196, 199, 205, 210, 211, 216, 235, 241, 247, 263, 266, 272, 273, 277, 280, 285, 286, 291, 292, 296, 298
SOLUTION
1088.573703
101: 11, 27, 35, 42, 43, 54, 62, 63, 66, 67, 68, 71, 83, 89, 97, 105, 108, 113, 115, 123, 135, 146, 148, 152, 155, 158, 160, 163, 168, 171, 172, 174, 175, 181, 182, 187, 188, 197, 198, 203, 209, 218, 220, 225, 226, 228, 234, 237, 250, 253, 260, 261, 262, 267, 269, 279, 282, 287, 294
156: 1, 2, 7, 9, 18, 21, 23, 26, 30, 34, 37, 38, 39, 40, 45, 46, 47, 51, 53, 55, 56, 60, 61, 70, 73, 74, 78, 79, 80, 81, 82, 91, 92, 95, 96, 99, 100, 101, 103, 104, 107, 109, 110, 111, 116, 117, 118, 120, 122, 124, 128, 130, 133, 136, 138, 141, 145, 147, 150, 151, 153, 154, 156, 157, 170, 173, 178, 180, 184, 185, 186, 190, 192, 193, 194, 201, 202, 207, 208, 212, 213, 214, 215, 222, 223, 227, 229, 230, 239, 242, 243, 245, 246, 248, 249, 251, 255, 256, 257, 258, 264, 265, 268, 271, 278, 281, 284, 288, 289, 290, 293, 295, 299
223: 0, 5, 8, 10, 12, 13, 15, 17, 19, 20, 24, 29, 41, 44, 49, 50, 64, 65, 72, 75, 76, 77, 87, 88, 90, 94, 98, 102, 106, 127, 137, 140, 143, 144, 149, 159, 161, 162, 164, 165, 169, 176, 183, 189, 200, 204, 206, 217, 219, 221, 224, 231, 232, 233, 236, 238, 240, 244, 252, 254, 259, 270, 274, 275, 276, 283, 297
238: 3, 4, 6, 14, 16, 22, 25, 28, 31, 32, 33, 36, 48, 52, 57, 58, 59, 69, 84, 85, 86, 93, 112, 114, 119, 121, 125, 126, 129, 131, 132, 134, 139, 142, 166, 167, 177, 179, 191, 195, 196, 199, 205, 210, 211, 216, 235, 241, 247, 263, 266, 272, 273, 277, 280, 285, 286, 291, 292, 296, 298
SOLUTION
1062.413818
97: 3, 4, 9, 16, 21, 22, 25, 26, 28, 30, 32, 35, 37, 40, 48, 51, 52, 56, 57, 59, 63, 66, 69, 79, 80, 82, 84, 85, 86, 92, 96, 109, 117, 121, 124, 125, 131, 136, 139, 142, 146, 150, 151, 152, 167, 177, 179, 180, 184, 195, 199, 205, 207, 208, 211, 214, 222, 228, 229, 235, 237, 241, 245, 251, 255, 264, 265, 269, 272, 280, 284, 285, 286, 293, 295, 296, 298, 299
156: 1, 2, 7, 11, 18, 23, 27, 34, 38, 39, 42, 43, 45, 46, 47, 53, 55, 60, 61, 67, 68, 70, 71, 73, 74, 78, 81, 83, 89, 91, 95, 97, 99, 100, 101, 103, 104, 107, 110, 111, 113, 114, 116, 118, 120, 122, 128, 130, 133, 135, 138, 141, 145, 147, 148, 153, 154, 155, 156, 157, 158, 160, 163, 168, 170, 171, 172, 173, 174, 178, 182, 185, 186, 187, 188, 190, 192, 193, 194, 197, 201, 202, 203, 209, 212, 213, 215, 218, 220, 223, 225, 226, 227, 230, 234, 239, 242, 243, 246, 248, 249, 250, 253, 256, 257, 258, 260, 262, 267, 268, 271, 278, 279, 281, 282, 288, 289, 290, 294
223: 0, 5, 6, 8, 10, 12, 13, 14, 15, 17, 19, 20, 24, 29, 31, 33, 36, 41, 44, 49, 50, 54, 58, 62, 64, 65, 72, 75, 76, 77, 87, 88, 90, 93, 94, 98, 102, 105, 106, 108, 112, 115, 119, 123, 126, 127, 129, 132, 134, 137, 140, 143, 144, 149, 159, 161, 162, 164, 165, 166, 169, 175, 176, 181, 183, 189, 191, 196, 198, 200, 204, 206, 210, 216, 217, 219, 221, 224, 231, 232, 233, 236, 238, 240, 244, 247, 252, 254, 259, 261, 263, 266, 270, 273, 274, 275, 276, 277, 283, 287, 291, 292, 297
SOLUTION
1061.950488
97: 3, 4, 9, 16, 21, 22, 25, 26, 28, 30, 32, 35, 37, 40, 48, 51, 52, 56, 57, 59, 63, 66, 69, 79, 80, 82, 84, 85, 86, 92, 96, 109, 117, 121, 124, 125, 131, 136, 139, 142, 146, 150, 151, 152, 167, 177, 179, 180, 184, 195, 199, 205, 207, 208, 211, 214, 222, 228, 229, 235, 237, 241, 245, 251, 255, 264, 265, 269, 272, 280, 284, 285, 286, 293, 295, 296, 298, 299
156: 1, 2, 7, 11, 18, 23, 27, 34, 38, 39, 42, 43, 45, 46, 47, 53, 55, 60, 61, 67, 68, 70, 71, 73, 74, 78, 81, 83, 89, 91, 95, 97, 99, 100, 101, 103, 104, 107, 110, 111, 113, 114, 116, 118, 120, 122, 128, 130, 133, 135, 138, 141, 145, 147, 148, 153, 154, 155, 156, 157, 158, 160, 163, 170, 171, 172, 173, 174, 178, 182, 185, 186, 187, 188, 190, 192, 193, 194, 197, 201, 202, 203, 212, 213, 215, 218, 220, 223, 225, 226, 227, 230, 234, 239, 242, 243, 246, 248, 249, 250, 253, 256, 257, 258, 260, 262, 267, 268, 271, 278, 279, 281, 282, 288, 289, 290, 294
223: 0, 5, 6, 8, 10, 12, 13, 14, 15, 17, 19, 20, 24, 29, 31, 33, 36, 41, 44, 49, 50, 54, 58, 62, 64, 65, 72, 75, 76, 77, 87, 88, 90, 93, 94, 98, 102, 105, 106, 108, 112, 115, 119, 123, 126, 127, 129, 132, 134, 137, 140, 143, 144, 149, 159, 161, 162, 164, 165, 166, 168, 169, 175, 176, 181, 183, 189, 191, 196, 198, 200, 204, 206, 209, 210, 216, 217, 219, 221, 224, 231, 232, 233, 236, 238, 240, 244, 247, 252, 254, 259, 261, 263, 266, 270, 273, 274, 275, 276, 277, 283, 287, 291, 292, 297
SOLUTION
1051.911823
4: 2, 7, 9, 11, 18, 21, 23, 26, 27, 30, 34, 35, 37, 38, 39, 40, 42, 43, 45, 46, 47, 51, 53, 55, 56, 60, 61, 63, 67, 68, 70, 71, 73, 74, 78, 79, 80, 81, 82, 83, 89, 91, 92, 95, 96, 97, 99, 100, 101, 103, 104, 107, 109, 110, 111, 113, 116, 117, 118, 120, 122, 124, 128, 130, 133, 135, 136, 138, 141, 145, 146, 147, 148, 150, 151, 153, 154, 155, 156, 157, 158, 160, 170, 172, 173, 174, 178, 182, 184, 185, 186, 187, 190, 192, 193, 194, 197, 201, 202, 203, 207, 208, 212, 213, 214, 215, 218, 220, 222, 223, 225, 226, 227, 228, 229, 230, 234, 237, 239, 242, 243, 245, 246, 248, 249, 250, 251, 253, 255, 256, 257, 258, 260, 262, 264, 265, 267, 268, 269, 271, 278, 279, 281, 282, 284, 288, 289, 290, 293, 294, 295, 299
223: 0, 1, 5, 8, 10, 12, 13, 15, 17, 19, 20, 24, 29, 41, 44, 49, 50, 54, 62, 64, 65, 72, 75, 76, 77, 87, 88, 90, 94, 98, 102, 105, 106, 108, 115, 123, 127, 134, 137, 140, 143, 144, 149, 159, 161, 162, 164, 165, 168, 169, 171, 175, 176, 181, 183, 189, 198, 200, 204, 206, 209, 217, 219, 221, 224, 231, 232, 233, 236, 238, 240, 244, 252, 254, 259, 261, 270, 274, 275, 276, 283, 287, 297
238: 3, 4, 6, 14, 16, 22, 25, 28, 31, 32, 33, 36, 48, 52, 57, 58, 59, 66, 69, 84, 85, 86, 93, 112, 114, 119, 121, 125, 126, 129, 131, 132, 139, 142, 152, 163, 166, 167, 177, 179, 180, 188, 191, 195, 196, 199, 205, 210, 211, 216, 235, 241, 247, 263, 266, 272, 273, 277, 280, 285, 286, 291, 292, 296, 298
SOLUTION
1050.128033
4: 1, 2, 7, 9, 11, 18, 21, 23, 26, 27, 30, 34, 35, 37, 38, 39, 40, 42, 43, 45, 46, 51, 53, 55, 56, 60, 61, 63, 67, 68, 70, 71, 73, 74, 78, 79, 80, 81, 82, 83, 89, 91, 92, 95, 96, 97, 99, 100, 101, 103, 104, 107, 109, 110, 111, 113, 116, 117, 118, 120, 122, 124, 128, 130, 133, 135, 136, 138, 141, 145, 146, 147, 148, 150, 151, 153, 154, 155, 156, 157, 158, 160, 168, 170, 171, 172, 173, 174, 175, 178, 181, 182, 184, 185, 186, 187, 190, 192, 193, 194, 197, 201, 202, 203, 207, 208, 212, 213, 214, 215, 218, 220, 222, 223, 225, 226, 227, 228, 229, 230, 234, 237, 239, 242, 243, 245, 246, 248, 249, 250, 251, 253, 255, 256, 257, 258, 260, 261, 262, 264, 265, 267, 268, 269, 271, 278, 279, 281, 282, 284, 287, 288, 289, 290, 293, 294, 295, 299
223: 0, 5, 8, 10, 12, 13, 15, 17, 19, 20, 24, 29, 41, 44, 47, 49, 50, 54, 64, 65, 72, 75, 76, 77, 87, 88, 90, 94, 98, 102, 105, 106, 108, 115, 123, 127, 137, 140, 143, 144, 149, 159, 161, 162, 164, 165, 169, 176, 183, 189, 198, 200, 204, 206, 209, 217, 219, 221, 224, 231, 232, 233, 236, 238, 240, 244, 252, 254, 259, 270, 274, 275, 276, 283, 297
238: 3, 4, 6, 14, 16, 22, 25, 28, 31, 32, 33, 36, 48, 52, 57, 58, 59, 62, 66, 69, 84, 85, 86, 93, 112, 114, 119, 121, 125, 126, 129, 131, 132, 134, 139, 142, 152, 163, 166, 167, 177, 179, 180, 188, 191, 195, 196, 199, 205, 210, 211, 216, 235, 241, 247, 263, 266, 272, 273, 277, 280, 285, 286, 291, 292, 296, 298
SOLUTION
1049.880763
4: 2, 7, 9, 11, 18, 21, 23, 26, 27, 30, 34, 35, 37, 38, 39, 40, 42, 43, 45, 46, 47, 51, 53, 55, 56, 60, 61, 63, 67, 68, 70, 71, 73, 74, 78, 79, 80, 81, 82, 83, 89, 91, 92, 95, 96, 97, 99, 100, 101, 103, 104, 107, 109, 110, 111, 113, 116, 117, 118, 120, 122, 124, 128, 130, 133, 135, 136, 138, 141, 145, 146, 147, 148, 150, 151, 153, 154, 155, 156, 157, 158, 160, 168, 170, 171, 172, 173, 174, 175, 178, 181, 182, 184, 185, 186, 187, 190, 192, 193, 194, 197, 201, 202, 203, 207, 208, 212, 213, 214, 215, 218, 220, 222, 223, 225, 226, 227, 228, 229, 230, 234, 237, 239, 242, 243, 245, 246, 248, 249, 250, 251, 253, 255, 256, 257, 258, 260, 261, 262, 264, 265, 267, 268, 269, 271, 278, 279, 281, 282, 284, 287, 288, 289, 290, 293, 294, 295, 299
223: 0, 1, 5, 8, 10, 12, 13, 15, 17, 19, 20, 24, 29, 41, 44, 49, 50, 54, 64, 65, 72, 75, 76, 77, 87, 88, 90, 94, 98, 102, 105, 106, 108, 115, 123, 127, 137, 140, 143, 144, 149, 159, 161, 162, 164, 165, 169, 176, 183, 189, 198, 200, 204, 206, 209, 217, 219, 221, 224, 231, 232, 233, 236, 238, 240, 244, 252, 254, 259, 270, 274, 275, 276, 283, 297
238: 3, 4, 6, 14, 16, 22, 25, 28, 31, 32, 33, 36, 48, 52, 57, 58, 59, 62, 66, 69, 84, 85, 86, 93, 112, 114, 119, 121, 125, 126, 129, 131, 132, 134, 139, 142, 152, 163, 166, 167, 177, 179, 180, 188, 191, 195, 196, 199, 205, 210, 211, 216, 235, 241, 247, 263, 266, 272, 273, 277, 280, 285, 286, 291, 292, 296, 298
SOLUTION
1046.144903
4: 1, 2, 7, 9, 11, 18, 21, 23, 26, 27, 30, 34, 35, 37, 38, 39, 40, 42, 43, 45, 46, 47, 51, 53, 55, 56, 60, 61, 63, 67, 68, 70, 71, 73, 74, 78, 79, 80, 81, 82, 83, 89, 91, 92, 95, 96, 97, 99, 100, 101, 103, 104, 107, 109, 110, 111, 113, 116, 117, 118, 120, 122, 124, 128, 130, 133, 135, 136, 138, 141, 145, 146, 147, 148, 150, 151, 153, 154, 155, 156, 157, 158, 160, 168, 170, 171, 172, 173, 174, 175, 178, 181, 182, 184, 185, 186, 187, 190, 192, 193, 194, 197, 201, 202, 203, 207, 208, 212, 213, 214, 215, 218, 220, 222, 223, 225, 226, 227, 228, 229, 230, 234, 237, 239, 242, 243, 245, 246, 248, 249, 250, 251, 253, 255, 256, 257, 258, 260, 261, 262, 264, 265, 267, 268, 269, 271, 278, 279, 281, 282, 284, 288, 289, 290, 293, 294, 295, 299
223: 0, 5, 8, 10, 12, 13, 15, 17, 19, 20, 24, 29, 41, 44, 49, 50, 54, 64, 65, 72, 75, 76, 77, 87, 88, 90, 94, 98, 102, 105, 106, 108, 115, 123, 127, 137, 140, 143, 144, 149, 159, 161, 162, 164, 165, 169, 176, 183, 189, 198, 200, 204, 206, 209, 217, 219, 221, 224, 231, 232, 233, 236, 238, 240, 244, 252, 254, 259, 270, 274, 275, 276, 283, 287, 297
238: 3, 4, 6, 14, 16, 22, 25, 28, 31, 32, 33, 36, 48, 52, 57, 58, 59, 62, 66, 69, 84, 85, 86, 93, 112, 114, 119, 121, 125, 126, 129, 131, 132, 134, 139, 142, 152, 163, 166, 167, 177, 179, 180, 188, 191, 195, 196, 199, 205, 210, 211, 216, 235, 241, 247, 263, 266, 272, 273, 277, 280, 285, 286, 291, 292, 296, 298
1046.144903
39.655745
2
