Academic license - for non-commercial use only
SOLUTION
113320.407433
0: 38
1: 163
2: 69, 208
3: 280
7: 197
9: 161
10: 59
16: 296
18: 123, 264
19: 91
20: 169, 277
21: 105, 106, 214
22: 213
24: 299
30: 44, 89, 179
31: 25
32: 172
33: 79, 220, 233
34: 128, 286
36: 246
37: 41, 58, 201
38: 97
44: 268
45: 240
46: 153, 263
47: 147, 180
50: 158, 227
53: 72, 156
56: 78, 102, 155, 160
57: 54, 279
58: 298
60: 204
61: 216, 281
63: 133
64: 62, 174
65: 57, 76
66: 242
68: 212
69: 71
72: 265
73: 207, 288
74: 142
75: 12
76: 48
77: 40, 118
80: 177
81: 237
83: 24, 292
84: 112
85: 159
86: 82
87: 26, 29, 140, 226
88: 104
90: 219
91: 33
92: 116, 282
94: 241
95: 15, 165
96: 136, 255
98: 139
99: 203
100: 17, 175
101: 132
105: 115, 236
108: 205
112: 196
113: 74
116: 20, 228
117: 22, 274
118: 85, 137
119: 86, 211
120: 135, 141, 238
121: 125
122: 80, 96
123: 2, 13, 55
124: 254
126: 32, 64, 235, 278
128: 103
129: 83
131: 90, 167
132: 190
133: 120
136: 68
137: 100
138: 50, 252, 259
139: 0, 269
141: 188
142: 98, 247
143: 14
144: 65, 122
145: 221
146: 34
148: 191, 230
149: 19, 223, 297
151: 49
152: 114, 157
153: 31
154: 210, 258
155: 88, 149
157: 181
161: 293
162: 144
163: 46, 148, 294
164: 4
167: 45, 121, 243
169: 183, 271, 283
170: 232
171: 170, 176
173: 42, 249
174: 234
175: 117, 186
176: 111
178: 146
179: 39, 63
180: 92, 162
181: 51
182: 7
184: 229
185: 1
187: 189, 275
189: 193, 253
192: 36
194: 66
195: 239, 272
196: 151
200: 248
203: 37, 53, 194, 262
205: 134
206: 18
207: 113, 267
211: 209
212: 10, 16, 184
213: 47, 73, 93, 164
214: 295
215: 77
216: 6
217: 266
218: 250
219: 187
220: 107, 124, 198, 291
221: 178
224: 287
226: 81
228: 215
229: 8
230: 101
232: 231, 273
235: 60
236: 222
237: 75, 94
238: 131, 251
239: 35, 84
241: 28, 56
243: 206, 289
244: 109
246: 108, 182
248: 127, 150, 202, 257
251: 11
252: 61
254: 23
255: 225, 285
256: 185
258: 129, 244
259: 154
260: 27, 199
262: 168, 192
263: 99, 138
266: 43
267: 152, 171
269: 30, 260
271: 143, 218
273: 245, 261
274: 67, 126
275: 3
277: 200
278: 110, 270
279: 95, 195
281: 52
283: 119
284: 70
286: 87, 173, 224, 256
288: 217, 276, 284
289: 5
290: 145
292: 9
297: 21, 130
298: 166
299: 290
SOLUTION
1018.920879
156: 1, 2, 7, 9, 11, 18, 21, 23, 26, 27, 30, 34, 37, 38, 39, 40, 42, 43, 45, 46, 47, 51, 53, 55, 56, 60, 61, 63, 67, 68, 70, 71, 73, 74, 78, 79, 80, 81, 82, 83, 89, 91, 92, 95, 96, 97, 99, 100, 101, 103, 104, 107, 109, 110, 111, 113, 116, 117, 118, 120, 122, 124, 128, 130, 133, 135, 136, 138, 141, 145, 146, 147, 148, 150, 151, 153, 154, 155, 156, 157, 158, 160, 168, 170, 171, 172, 173, 174, 178, 180, 182, 184, 185, 186, 187, 190, 192, 193, 194, 197, 201, 202, 203, 207, 208, 212, 213, 214, 215, 218, 220, 222, 223, 225, 226, 227, 228, 229, 230, 234, 237, 239, 242, 243, 245, 246, 248, 249, 250, 251, 253, 255, 256, 257, 258, 260, 262, 264, 265, 267, 268, 269, 271, 278, 279, 281, 282, 284, 288, 289, 290, 293, 294, 295, 299
223: 0, 5, 8, 10, 12, 13, 15, 17, 19, 20, 24, 29, 41, 44, 49, 50, 54, 64, 65, 72, 75, 76, 77, 87, 88, 90, 94, 98, 102, 105, 106, 108, 115, 123, 127, 137, 140, 143, 144, 149, 159, 161, 162, 164, 165, 169, 175, 176, 181, 183, 189, 198, 200, 204, 206, 209, 217, 219, 221, 224, 231, 232, 233, 236, 238, 240, 244, 252, 254, 259, 261, 270, 274, 275, 276, 283, 287, 297
238: 3, 4, 6, 14, 16, 22, 25, 28, 31, 32, 33, 35, 36, 48, 52, 57, 58, 59, 62, 66, 69, 84, 85, 86, 93, 112, 114, 119, 121, 125, 126, 129, 131, 132, 134, 139, 142, 152, 163, 166, 167, 177, 179, 188, 191, 195, 196, 199, 205, 210, 211, 216, 235, 241, 247, 263, 266, 272, 273, 277, 280, 285, 286, 291, 292, 296, 298
1018.920879
3.065301
2
