Academic license - for non-commercial use only
SOLUTION
74300.406559
2: 69, 208, 209
6: 115, 214, 236
7: 54, 125, 127, 197
9: 119, 161
11: 241
16: 296
18: 47, 48, 123, 264
19: 91
22: 213
23: 84, 297
29: 110
30: 44, 89, 93, 179, 265
33: 79, 220, 222, 233
37: 41, 58, 201
40: 15, 80
44: 268
46: 153, 263
50: 158, 227
51: 10, 289
53: 72, 104, 156, 174, 191
55: 25
56: 78, 102, 155, 160
58: 298
59: 140
60: 204
62: 131
63: 12, 133, 159
65: 57, 76, 150, 226, 286
66: 81, 175, 242
68: 212
73: 207, 288
77: 40, 118, 172
83: 24, 29, 68, 260, 292
84: 21, 112
90: 202, 219
91: 33, 230
92: 116, 199, 203, 282
93: 60
98: 139, 280
108: 103, 205, 251
110: 221, 228
117: 22, 167, 274
118: 27, 85, 137, 261
119: 86, 211, 295
120: 105, 135, 141, 238
123: 2, 13, 55, 128
125: 4, 194
126: 32, 64, 235, 278
129: 83
132: 190
133: 120, 180
134: 20
135: 73
137: 100
138: 50, 169, 252, 259
139: 0, 7, 16, 269
141: 188
142: 98, 247, 284
143: 14
144: 65, 122, 124, 256
151: 49
152: 114, 157
153: 31, 293
154: 75, 210, 258
155: 88, 149
156: 30, 90
160: 189, 272
162: 144
163: 38, 46, 148, 181, 240, 294
166: 3
167: 45, 121, 243
168: 136
169: 183, 271, 275, 283
170: 196, 232
171: 170, 176
173: 42, 106, 147, 249
174: 234
175: 117, 186, 237, 255
176: 19, 107, 111, 177
177: 71
178: 146, 250
179: 39, 63, 108, 279
180: 92, 162, 164
181: 51
189: 193, 253
194: 66
196: 97, 151, 216
199: 11, 163
200: 245, 248
205: 37, 134, 224, 276
206: 18
207: 26, 113, 267
215: 77
217: 266
219: 87, 187
221: 94, 178
225: 262, 299
227: 184, 270
228: 142, 215
230: 101
231: 229
232: 231, 273
240: 281
241: 28, 56
245: 17
249: 206
250: 82
252: 61, 74
253: 9, 173
254: 23, 277
255: 225, 285
256: 36, 185, 198, 239
257: 34, 35, 182
258: 109, 129, 244
259: 154
261: 132
262: 168, 192
263: 99, 138
266: 43
267: 152, 171, 257
268: 6, 165, 254
271: 143, 218
274: 67, 126, 130, 217
277: 200
279: 95, 195, 223
280: 62, 96, 287
281: 52, 53, 59
284: 70, 246, 291
289: 5
290: 145
296: 1
298: 166
299: 8, 290
SOLUTION
1158.998239
97: 4
156: 1, 2, 7, 9, 11, 18, 21, 23, 26, 27, 30, 34, 37, 38, 39, 40, 42, 43, 45, 46, 47, 51, 53, 55, 56, 60, 61, 63, 67, 68, 70, 71, 73, 74, 78, 79, 80, 81, 82, 83, 89, 91, 92, 95, 96, 97, 99, 100, 101, 103, 104, 107, 109, 110, 111, 113, 116, 117, 118, 120, 122, 124, 128, 130, 133, 135, 136, 138, 141, 145, 146, 147, 148, 150, 151, 153, 154, 155, 156, 157, 158, 160, 168, 170, 171, 172, 173, 174, 178, 180, 182, 184, 185, 186, 187, 190, 192, 193, 194, 197, 201, 202, 203, 207, 208, 212, 213, 214, 215, 218, 220, 222, 223, 225, 226, 227, 228, 229, 230, 234, 237, 239, 242, 243, 245, 246, 248, 249, 250, 251, 253, 255, 256, 257, 258, 260, 262, 264, 265, 267, 268, 269, 271, 278, 279, 281, 282, 284, 288, 289, 290, 293, 294, 295, 299
223: 0, 5, 8, 10, 12, 13, 15, 17, 19, 20, 24, 29, 41, 44, 49, 50, 54, 64, 65, 72, 75, 76, 77, 87, 88, 90, 94, 98, 102, 105, 106, 108, 115, 123, 127, 137, 140, 143, 144, 149, 159, 161, 162, 164, 165, 169, 175, 176, 181, 183, 189, 198, 200, 204, 206, 209, 217, 219, 221, 224, 231, 232, 233, 236, 238, 240, 244, 252, 254, 259, 261, 274, 275, 276, 283, 287, 297
238: 3, 6, 14, 16, 22, 25, 28, 31, 32, 33, 35, 36, 48, 52, 57, 58, 59, 62, 66, 69, 84, 85, 86, 93, 112, 114, 119, 121, 125, 126, 129, 131, 132, 134, 139, 142, 152, 163, 166, 167, 177, 179, 188, 191, 195, 196, 199, 205, 210, 211, 216, 235, 241, 247, 263, 266, 270, 272, 273, 277, 280, 285, 286, 291, 292, 296, 298
SOLUTION
1019.848189
156: 1, 2, 7, 9, 11, 18, 21, 23, 26, 27, 30, 34, 37, 38, 39, 40, 42, 43, 45, 46, 47, 51, 53, 55, 56, 60, 61, 63, 67, 68, 70, 71, 73, 74, 78, 79, 80, 81, 82, 83, 89, 91, 92, 95, 96, 97, 99, 100, 101, 103, 104, 107, 109, 110, 111, 113, 116, 117, 118, 120, 122, 124, 128, 130, 133, 135, 136, 138, 141, 145, 146, 147, 148, 150, 151, 153, 154, 155, 156, 157, 158, 160, 168, 170, 171, 172, 173, 174, 178, 180, 182, 184, 185, 186, 187, 190, 192, 193, 194, 197, 201, 202, 203, 207, 208, 212, 213, 214, 215, 218, 220, 222, 223, 225, 226, 227, 228, 229, 230, 234, 237, 239, 242, 243, 245, 246, 248, 249, 250, 251, 255, 256, 257, 258, 260, 262, 264, 265, 267, 268, 269, 271, 278, 279, 281, 282, 284, 288, 289, 290, 293, 294, 295, 299
223: 0, 5, 8, 10, 12, 13, 15, 17, 19, 20, 24, 29, 41, 44, 49, 50, 54, 64, 65, 72, 75, 76, 77, 87, 88, 90, 94, 98, 102, 105, 106, 108, 115, 123, 127, 137, 140, 143, 144, 149, 159, 161, 162, 164, 165, 169, 175, 176, 181, 183, 189, 198, 200, 204, 206, 209, 217, 219, 221, 224, 231, 232, 233, 236, 238, 240, 244, 252, 253, 254, 259, 261, 270, 274, 275, 276, 283, 287, 297
238: 3, 4, 6, 14, 16, 22, 25, 28, 31, 32, 33, 35, 36, 48, 52, 57, 58, 59, 62, 66, 69, 84, 85, 86, 93, 112, 114, 119, 121, 125, 126, 129, 131, 132, 134, 139, 142, 152, 163, 166, 167, 177, 179, 188, 191, 195, 196, 199, 205, 210, 211, 216, 235, 241, 247, 263, 266, 272, 273, 277, 280, 285, 286, 291, 292, 296, 298
SOLUTION
1018.971809
156: 1, 2, 7, 9, 11, 18, 21, 23, 26, 27, 30, 34, 37, 38, 39, 40, 42, 43, 45, 46, 47, 51, 53, 55, 56, 60, 61, 63, 67, 68, 70, 71, 73, 74, 78, 79, 80, 81, 82, 83, 89, 91, 92, 95, 96, 97, 99, 100, 101, 103, 104, 107, 109, 110, 111, 113, 116, 117, 118, 120, 122, 124, 128, 130, 133, 135, 136, 138, 141, 145, 146, 147, 148, 150, 151, 153, 154, 155, 156, 157, 158, 160, 170, 171, 172, 173, 174, 178, 180, 182, 184, 185, 186, 187, 190, 192, 193, 194, 197, 201, 202, 203, 207, 208, 212, 213, 214, 215, 218, 220, 222, 223, 225, 226, 227, 228, 229, 230, 234, 237, 239, 242, 243, 245, 246, 248, 249, 250, 251, 253, 255, 256, 257, 258, 260, 262, 264, 265, 267, 268, 269, 271, 278, 279, 281, 282, 284, 288, 289, 290, 293, 294, 295, 299
223: 0, 5, 8, 10, 12, 13, 15, 17, 19, 20, 24, 29, 41, 44, 49, 50, 54, 64, 65, 72, 75, 76, 77, 87, 88, 90, 94, 98, 102, 105, 106, 108, 115, 123, 127, 137, 140, 143, 144, 149, 159, 161, 162, 164, 165, 168, 169, 175, 176, 181, 183, 189, 198, 200, 204, 206, 209, 217, 219, 221, 224, 231, 232, 233, 236, 238, 240, 244, 252, 254, 259, 261, 270, 274, 275, 276, 283, 287, 297
238: 3, 4, 6, 14, 16, 22, 25, 28, 31, 32, 33, 35, 36, 48, 52, 57, 58, 59, 62, 66, 69, 84, 85, 86, 93, 112, 114, 119, 121, 125, 126, 129, 131, 132, 134, 139, 142, 152, 163, 166, 167, 177, 179, 188, 191, 195, 196, 199, 205, 210, 211, 216, 235, 241, 247, 263, 266, 272, 273, 277, 280, 285, 286, 291, 292, 296, 298
1018.971809
3.835321
2
