Academic license - for non-commercial use only
SOLUTION
56483.024635
2: 54, 69, 208, 209
9: 119, 161, 192
13: 167, 189, 193, 242
14: 4, 58, 201, 249
19: 64, 91, 125, 160, 264
20: 169, 277
22: 40, 49, 168, 213, 235
23: 22, 65, 158, 258, 297
28: 166
29: 110, 227, 266
30: 44, 89, 133, 179, 265
35: 21, 127, 162
40: 15, 80, 251
44: 77, 138, 268
46: 85, 153, 263
51: 10, 231, 289
58: 234, 298
62: 131
65: 57, 76, 150, 286, 296
68: 95, 212
69: 56, 71, 171
74: 142, 152
78: 129, 183
81: 84, 96, 237
83: 24, 292
87: 26, 29, 140, 220, 226
88: 68, 104, 156, 173, 205
91: 33, 50, 178
92: 116, 174, 199, 270, 282
93: 60
98: 139
99: 35, 52, 203
100: 17, 175
101: 132, 247
103: 25, 128
105: 109, 115, 141, 215, 236
107: 147, 273, 288
112: 9, 87, 196, 271
115: 184
116: 20, 228
123: 2, 13, 55
124: 28, 254
125: 195
128: 5, 12, 90, 103, 223, 241
130: 123, 274
133: 120, 137, 180
137: 100, 283
139: 0, 16, 269
143: 14, 188, 261
148: 72, 124, 191, 230
153: 31, 267
159: 3, 275
161: 42, 202, 278, 293
162: 144, 155
163: 32, 38, 46, 99, 136, 148, 240, 253, 294
167: 45, 121, 243
171: 170, 176, 210
172: 8
175: 79, 117, 186
176: 19, 27, 62, 111, 177, 233, 290
179: 39, 63, 108, 252, 279
182: 7
185: 1
195: 135, 238, 239, 244, 255, 257, 272, 280
196: 97, 151, 216
197: 78, 92
199: 11, 163, 206
200: 83, 157, 245, 248, 299
203: 37, 53, 194, 262
205: 134, 197
206: 18, 114, 172, 200
208: 82, 146, 198
213: 47, 73, 93, 164, 224
216: 6, 229
218: 105, 165, 211, 250
223: 86, 214
224: 287
226: 41, 66, 81, 113, 143, 159
233: 181, 190
234: 51
236: 36, 59, 88, 222, 256
237: 75, 94, 259
240: 281, 295
252: 61, 74, 204
254: 23, 118
255: 122, 225, 285
257: 101, 182, 218
259: 154
266: 43, 98, 187
269: 30, 112, 207, 260
272: 48
274: 67, 126, 130, 219
282: 185
284: 70, 246, 291
287: 106
288: 149, 217, 276, 284
290: 145, 232
293: 107
295: 34, 221
296: 102
SOLUTION
1019.096989
156: 1, 2, 7, 9, 11, 18, 21, 23, 26, 27, 30, 34, 37, 38, 39, 40, 42, 43, 45, 46, 47, 51, 53, 55, 56, 60, 61, 63, 67, 68, 70, 71, 73, 74, 78, 79, 80, 81, 82, 83, 89, 91, 92, 95, 96, 97, 99, 100, 101, 103, 104, 107, 109, 110, 111, 113, 116, 117, 118, 120, 122, 124, 128, 130, 133, 135, 136, 138, 141, 145, 146, 147, 148, 150, 151, 153, 154, 155, 156, 157, 158, 160, 168, 170, 171, 172, 173, 174, 178, 180, 182, 184, 185, 186, 187, 190, 192, 193, 194, 197, 201, 202, 203, 207, 208, 212, 213, 214, 215, 218, 220, 222, 223, 225, 226, 227, 228, 229, 230, 234, 237, 239, 242, 243, 245, 246, 248, 249, 250, 251, 253, 255, 256, 257, 258, 260, 262, 264, 265, 267, 268, 269, 271, 278, 279, 281, 282, 284, 288, 289, 290, 293, 294, 295, 299
223: 0, 5, 8, 10, 12, 13, 15, 17, 19, 20, 24, 29, 41, 44, 49, 50, 54, 64, 65, 72, 75, 76, 77, 87, 88, 90, 94, 98, 102, 105, 106, 108, 115, 123, 127, 134, 137, 140, 143, 144, 149, 159, 161, 162, 164, 165, 169, 175, 176, 181, 183, 189, 198, 200, 204, 206, 209, 217, 219, 221, 224, 231, 232, 233, 236, 238, 240, 244, 252, 254, 259, 261, 270, 274, 275, 276, 283, 287, 297
238: 3, 4, 6, 14, 16, 22, 25, 28, 31, 32, 33, 35, 36, 48, 52, 57, 58, 59, 62, 66, 69, 84, 85, 86, 93, 112, 114, 119, 121, 125, 126, 129, 131, 132, 139, 142, 152, 163, 166, 167, 177, 179, 188, 191, 195, 196, 199, 205, 210, 211, 216, 235, 241, 247, 263, 266, 272, 273, 277, 280, 285, 286, 291, 292, 296, 298
SOLUTION
1019.053989
156: 1, 2, 7, 9, 11, 18, 21, 23, 26, 27, 30, 34, 37, 38, 39, 40, 42, 43, 45, 46, 47, 51, 53, 55, 56, 60, 61, 63, 67, 68, 70, 71, 73, 74, 78, 79, 80, 81, 82, 83, 89, 91, 92, 95, 96, 97, 99, 100, 101, 103, 104, 107, 109, 110, 111, 113, 116, 117, 118, 120, 122, 124, 128, 130, 133, 135, 136, 138, 141, 145, 146, 147, 148, 150, 151, 153, 154, 155, 156, 157, 158, 160, 168, 170, 171, 172, 173, 174, 178, 180, 182, 184, 185, 186, 187, 190, 192, 193, 194, 197, 201, 202, 203, 207, 208, 212, 213, 214, 215, 218, 220, 222, 223, 225, 226, 227, 228, 229, 230, 234, 237, 239, 242, 243, 245, 246, 248, 249, 250, 251, 253, 255, 256, 257, 258, 260, 262, 264, 265, 267, 268, 269, 271, 278, 279, 281, 282, 284, 288, 289, 290, 293, 294, 295, 299
223: 0, 5, 8, 10, 12, 13, 15, 17, 19, 20, 24, 29, 41, 44, 49, 50, 54, 64, 65, 72, 75, 76, 77, 87, 88, 90, 94, 102, 105, 106, 108, 115, 123, 127, 137, 140, 143, 144, 149, 159, 161, 162, 164, 165, 169, 175, 176, 181, 183, 189, 198, 200, 204, 206, 209, 217, 219, 221, 224, 231, 232, 233, 236, 238, 240, 244, 252, 254, 259, 261, 270, 274, 275, 276, 283, 287, 297
238: 3, 4, 6, 14, 16, 22, 25, 28, 31, 32, 33, 35, 36, 48, 52, 57, 58, 59, 62, 66, 69, 84, 85, 86, 93, 98, 112, 114, 119, 121, 125, 126, 129, 131, 132, 134, 139, 142, 152, 163, 166, 167, 177, 179, 188, 191, 195, 196, 199, 205, 210, 211, 216, 235, 241, 247, 263, 266, 272, 273, 277, 280, 285, 286, 291, 292, 296, 298
SOLUTION
1019.005459
156: 1, 2, 7, 9, 11, 18, 21, 23, 26, 27, 30, 34, 37, 38, 39, 40, 42, 43, 45, 46, 47, 51, 53, 55, 56, 60, 61, 63, 67, 68, 70, 71, 73, 74, 78, 79, 80, 81, 82, 83, 89, 91, 92, 95, 96, 97, 99, 100, 101, 103, 104, 107, 109, 110, 111, 113, 116, 117, 118, 120, 122, 124, 128, 130, 133, 135, 136, 138, 141, 145, 146, 147, 148, 150, 151, 153, 154, 155, 156, 157, 158, 160, 170, 171, 172, 173, 174, 178, 180, 182, 184, 185, 186, 187, 190, 192, 193, 194, 197, 201, 202, 203, 207, 208, 212, 213, 214, 215, 218, 220, 222, 223, 225, 226, 227, 228, 229, 230, 234, 235, 237, 239, 242, 243, 245, 246, 248, 249, 250, 251, 253, 255, 256, 257, 258, 260, 262, 264, 265, 267, 268, 269, 271, 278, 279, 281, 282, 284, 288, 289, 290, 293, 294, 295, 299
223: 0, 5, 8, 10, 12, 13, 15, 17, 19, 20, 24, 29, 41, 44, 49, 50, 54, 64, 65, 72, 75, 76, 77, 87, 88, 90, 94, 98, 102, 105, 106, 108, 115, 123, 127, 137, 140, 143, 144, 149, 159, 161, 162, 164, 165, 168, 169, 175, 176, 181, 183, 189, 198, 200, 204, 206, 209, 217, 219, 221, 224, 231, 232, 233, 236, 238, 240, 244, 252, 254, 259, 261, 270, 274, 275, 276, 283, 287, 297
238: 3, 4, 6, 14, 16, 22, 25, 28, 31, 32, 33, 35, 36, 48, 52, 57, 58, 59, 62, 66, 69, 84, 85, 86, 93, 112, 114, 119, 121, 125, 126, 129, 131, 132, 134, 139, 142, 152, 163, 166, 167, 177, 179, 188, 191, 195, 196, 199, 205, 210, 211, 216, 241, 247, 263, 266, 272, 273, 277, 280, 285, 286, 291, 292, 296, 298
1019.005459
4.554890
2
