Academic license - for non-commercial use only
SOLUTION
95050.553883
0: 38, 148
2: 69, 208
3: 280
4: 50
7: 125, 197
10: 59, 182
11: 193
14: 201
16: 296
17: 72
18: 123, 264
20: 169, 277
21: 105, 106, 214
23: 158, 297
30: 44, 89, 179
32: 172, 237
33: 79, 220, 233
34: 128, 286
35: 295
38: 97
46: 153, 263
55: 252
57: 54, 251, 279
58: 180, 298
60: 23, 204
61: 216, 281
62: 131
63: 133
64: 62, 118, 174
65: 57, 76
66: 242
67: 58
70: 176, 253
72: 93, 265
74: 142
75: 12
76: 48, 119, 222
78: 231
79: 121
80: 177
83: 24, 292
84: 112
85: 47, 82, 159, 200
87: 26, 29, 140, 226
88: 104, 156
90: 219
91: 33, 46, 285
92: 116, 117, 282
94: 155, 241
95: 15, 25, 165
96: 136, 255
99: 52, 203
100: 17, 175
105: 115, 236
107: 273
108: 2, 160, 205
109: 147
111: 39, 43
113: 74
114: 139
116: 20, 55, 228
117: 22, 274
118: 60, 85, 137, 268
120: 45, 135, 141, 238
122: 80, 96
124: 254
126: 32, 64, 235, 278
128: 103, 223
129: 41, 83
131: 90, 167
136: 68
137: 100
139: 0, 269
141: 188
144: 65, 122
146: 34
147: 108
148: 191, 230
151: 49
152: 40, 114, 157
153: 31
154: 210, 258
155: 88, 149
157: 181
159: 3, 98
160: 189
161: 293
162: 144
164: 4
169: 183, 267, 271, 275, 283
170: 196, 232
173: 42, 249
174: 234
176: 19, 111
178: 146, 190
180: 92, 162, 164
181: 51
182: 7
184: 14, 229
185: 1
192: 36
194: 66
197: 78, 91
199: 11, 163
200: 248
201: 186, 240
203: 37, 53, 194, 262
205: 134, 294
206: 18
208: 243
211: 209, 225
212: 10, 16, 184, 266
215: 77
216: 6, 161
218: 250
219: 187
220: 107, 124, 198, 291
221: 94, 120, 178
223: 86, 259
224: 287
225: 299
226: 71, 81, 113
228: 215
229: 8
231: 13
239: 35, 84
241: 28, 56
242: 170
243: 206, 289
244: 109
248: 127, 150, 202, 257
252: 61
253: 9
256: 185, 239
258: 129, 244
259: 154
260: 27, 73, 199
261: 132
262: 168, 192
263: 5, 99, 138, 212
265: 101, 227
267: 152, 171
268: 288
269: 30, 151, 207, 260
271: 143, 218
273: 245, 261
274: 67, 126
278: 110, 270
279: 95, 195, 211
284: 70, 246
286: 87, 173, 224, 256
288: 217, 272, 276, 284
290: 145, 213
294: 247
295: 75, 221
297: 21, 130
298: 63, 166
299: 102, 290
SOLUTION
1020.798009
156: 1, 2, 7, 9, 11, 18, 21, 23, 26, 27, 30, 34, 37, 38, 39, 40, 42, 43, 45, 46, 47, 51, 53, 55, 56, 60, 61, 63, 67, 68, 70, 71, 73, 74, 78, 79, 80, 81, 82, 83, 89, 91, 92, 95, 96, 97, 99, 100, 101, 103, 104, 107, 109, 110, 111, 113, 116, 117, 118, 120, 122, 124, 128, 130, 133, 135, 136, 138, 141, 145, 146, 147, 148, 150, 151, 153, 154, 155, 156, 157, 158, 160, 168, 170, 171, 172, 173, 174, 178, 180, 182, 184, 185, 186, 187, 190, 192, 193, 194, 197, 201, 202, 203, 207, 208, 212, 213, 214, 215, 218, 220, 222, 223, 225, 226, 227, 228, 229, 230, 234, 237, 239, 242, 243, 245, 246, 248, 249, 250, 251, 253, 255, 256, 257, 258, 260, 262, 264, 265, 267, 268, 269, 271, 278, 279, 281, 282, 284, 288, 289, 290, 293, 294, 295, 299
223: 0, 5, 8, 10, 12, 13, 15, 17, 19, 20, 24, 29, 41, 44, 49, 50, 54, 64, 65, 72, 75, 76, 77, 87, 88, 90, 94, 98, 102, 105, 106, 108, 115, 123, 127, 137, 140, 143, 144, 149, 159, 161, 162, 164, 165, 169, 175, 176, 181, 183, 189, 198, 200, 204, 206, 209, 217, 219, 221, 224, 231, 232, 233, 236, 238, 240, 244, 252, 254, 259, 261, 270, 274, 275, 276, 283, 287, 291, 297
238: 3, 4, 6, 14, 16, 22, 25, 28, 31, 32, 33, 35, 36, 48, 52, 57, 58, 59, 62, 66, 69, 84, 85, 86, 93, 112, 114, 119, 121, 125, 126, 129, 131, 132, 134, 139, 142, 152, 163, 166, 167, 177, 179, 188, 191, 195, 196, 199, 205, 210, 211, 216, 235, 241, 247, 263, 266, 272, 273, 277, 280, 285, 286, 292, 296, 298
SOLUTION
1019.517499
156: 1, 2, 7, 9, 11, 18, 21, 23, 26, 27, 30, 34, 37, 38, 39, 40, 42, 43, 45, 46, 47, 51, 53, 55, 56, 60, 61, 63, 67, 68, 70, 71, 73, 74, 78, 79, 80, 81, 83, 89, 91, 92, 95, 96, 97, 99, 100, 101, 103, 104, 107, 109, 110, 111, 113, 116, 117, 118, 120, 122, 124, 128, 130, 133, 135, 136, 138, 141, 145, 146, 147, 148, 150, 151, 153, 154, 155, 156, 157, 158, 160, 168, 170, 171, 172, 173, 174, 178, 180, 182, 184, 185, 186, 187, 190, 192, 193, 194, 197, 201, 202, 203, 207, 208, 212, 213, 214, 215, 218, 220, 222, 223, 225, 226, 227, 228, 229, 230, 234, 237, 239, 242, 243, 245, 246, 248, 249, 250, 251, 253, 255, 256, 257, 258, 260, 262, 264, 265, 267, 268, 269, 271, 278, 279, 281, 282, 284, 288, 289, 290, 293, 294, 295, 299
223: 0, 5, 8, 10, 12, 13, 15, 17, 19, 20, 24, 29, 41, 44, 49, 50, 54, 64, 65, 72, 75, 76, 77, 87, 88, 90, 94, 98, 102, 105, 106, 108, 115, 123, 127, 137, 140, 143, 144, 149, 159, 161, 162, 164, 165, 169, 175, 176, 181, 183, 189, 198, 200, 204, 206, 209, 217, 219, 221, 224, 231, 232, 233, 236, 238, 240, 244, 252, 254, 259, 261, 270, 274, 275, 276, 283, 287, 297
238: 3, 4, 6, 14, 16, 22, 25, 28, 31, 32, 33, 35, 36, 48, 52, 57, 58, 59, 62, 66, 69, 82, 84, 85, 86, 93, 112, 114, 119, 121, 125, 126, 129, 131, 132, 134, 139, 142, 152, 163, 166, 167, 177, 179, 188, 191, 195, 196, 199, 205, 210, 211, 216, 235, 241, 247, 263, 266, 272, 273, 277, 280, 285, 286, 291, 292, 296, 298
SOLUTION
1019.053989
156: 1, 2, 7, 9, 11, 18, 21, 23, 26, 27, 30, 34, 37, 38, 39, 40, 42, 43, 45, 46, 47, 51, 53, 55, 56, 60, 61, 63, 67, 68, 70, 71, 73, 74, 78, 79, 80, 81, 82, 83, 89, 91, 92, 95, 96, 97, 99, 100, 101, 103, 104, 107, 109, 110, 111, 113, 116, 117, 118, 120, 122, 124, 128, 130, 133, 135, 136, 138, 141, 145, 146, 147, 148, 150, 151, 153, 154, 155, 156, 157, 158, 160, 168, 170, 171, 172, 173, 174, 178, 180, 182, 184, 185, 186, 187, 190, 192, 193, 194, 197, 201, 202, 203, 207, 208, 212, 213, 214, 215, 218, 220, 222, 223, 225, 226, 227, 228, 229, 230, 234, 237, 239, 242, 243, 245, 246, 248, 249, 250, 251, 253, 255, 256, 257, 258, 260, 262, 264, 265, 267, 268, 269, 271, 278, 279, 281, 282, 284, 288, 289, 290, 293, 294, 295, 299
223: 0, 5, 8, 10, 12, 13, 15, 17, 19, 20, 24, 29, 41, 44, 49, 50, 54, 64, 65, 72, 75, 76, 77, 87, 88, 90, 94, 102, 105, 106, 108, 115, 123, 127, 137, 140, 143, 144, 149, 159, 161, 162, 164, 165, 169, 175, 176, 181, 183, 189, 198, 200, 204, 206, 209, 217, 219, 221, 224, 231, 232, 233, 236, 238, 240, 244, 252, 254, 259, 261, 270, 274, 275, 276, 283, 287, 297
238: 3, 4, 6, 14, 16, 22, 25, 28, 31, 32, 33, 35, 36, 48, 52, 57, 58, 59, 62, 66, 69, 84, 85, 86, 93, 98, 112, 114, 119, 121, 125, 126, 129, 131, 132, 134, 139, 142, 152, 163, 166, 167, 177, 179, 188, 191, 195, 196, 199, 205, 210, 211, 216, 235, 241, 247, 263, 266, 272, 273, 277, 280, 285, 286, 291, 292, 296, 298
SOLUTION
1018.954529
156: 1, 2, 7, 9, 11, 18, 21, 23, 26, 27, 30, 34, 37, 38, 39, 40, 42, 43, 45, 46, 47, 51, 53, 55, 56, 60, 61, 63, 67, 68, 70, 71, 73, 74, 78, 79, 80, 81, 82, 83, 89, 91, 92, 95, 96, 97, 99, 100, 101, 103, 104, 107, 109, 110, 111, 113, 116, 117, 118, 120, 122, 124, 128, 130, 133, 135, 136, 138, 141, 145, 146, 147, 148, 150, 151, 153, 154, 155, 156, 157, 158, 160, 168, 170, 171, 172, 173, 174, 178, 180, 182, 184, 185, 186, 187, 190, 192, 193, 194, 197, 201, 202, 203, 207, 208, 212, 213, 214, 215, 218, 220, 222, 223, 225, 226, 227, 228, 229, 230, 234, 235, 237, 239, 242, 243, 245, 246, 248, 249, 250, 251, 253, 255, 256, 257, 258, 260, 262, 264, 265, 267, 268, 269, 271, 278, 279, 281, 282, 284, 288, 289, 290, 293, 294, 295, 299
223: 0, 5, 8, 10, 12, 13, 15, 17, 19, 20, 24, 29, 41, 44, 49, 50, 54, 64, 65, 72, 75, 76, 77, 87, 88, 90, 94, 98, 102, 105, 106, 108, 115, 123, 127, 137, 140, 143, 144, 149, 159, 161, 162, 164, 165, 169, 175, 176, 181, 183, 189, 198, 200, 204, 206, 209, 217, 219, 221, 224, 231, 232, 233, 236, 238, 240, 244, 252, 254, 259, 261, 270, 274, 275, 276, 283, 287, 297
238: 3, 4, 6, 14, 16, 22, 25, 28, 31, 32, 33, 35, 36, 48, 52, 57, 58, 59, 62, 66, 69, 84, 85, 86, 93, 112, 114, 119, 121, 125, 126, 129, 131, 132, 134, 139, 142, 152, 163, 166, 167, 177, 179, 188, 191, 195, 196, 199, 205, 210, 211, 216, 241, 247, 263, 266, 272, 273, 277, 280, 285, 286, 291, 292, 296, 298
1018.954529
3.760662
2
