Academic license - for non-commercial use only
SOLUTION
88640.129907
1: 163
7: 197
8: 20
9: 145, 161
16: 296
18: 123, 264
19: 91, 160
21: 105, 106, 214, 265
23: 213
28: 166
29: 110
31: 25
32: 70, 172
34: 36, 95, 128, 233, 286
37: 41, 58, 201
39: 208, 270
42: 115, 269
44: 268
45: 193, 240
46: 31, 44, 102, 153, 263
47: 147, 180
50: 158, 227
51: 289
57: 54, 279
61: 216, 281
63: 133, 220
64: 62, 118, 174
65: 57, 76
66: 242
68: 212, 228
69: 71
71: 215
73: 207, 288
74: 142
75: 12
80: 177, 181
81: 0, 96, 237
82: 156
84: 21, 112
85: 47, 159
86: 82
87: 26, 29, 140, 226
90: 219
91: 33, 230
92: 116, 282
95: 15, 165
97: 1
98: 139
99: 52, 203
100: 17, 175
106: 169
108: 103, 205
109: 246
112: 196
113: 74, 80
118: 85, 137
119: 86, 211
120: 135, 141, 238
121: 125
123: 2, 13, 55
125: 195
126: 32, 64, 235, 278
129: 83, 274
131: 90, 132, 167
136: 68, 236
137: 100
138: 50, 120, 252, 259
141: 188
142: 88, 98, 247
143: 14, 179
144: 65, 122
145: 221
146: 34, 204, 292
149: 19, 223, 297
151: 49
152: 40, 114, 157
154: 210, 258
158: 253
161: 42, 293
162: 144
163: 46, 148, 294
164: 4
165: 43
167: 45, 121, 243
168: 136
169: 183, 271, 283
170: 232
174: 234
175: 117, 186
176: 111, 290
178: 146, 190
179: 39, 63
180: 92, 162, 164
181: 51
182: 7
184: 229
187: 189, 275
195: 239, 255, 272
196: 97, 151
197: 78
200: 248
202: 89
203: 37, 53, 194, 262
205: 134
206: 18
207: 113, 267
209: 241
212: 10, 16, 184
214: 155, 295
215: 77
216: 6
217: 94, 266
218: 250
219: 69, 187, 191
220: 107, 124, 198, 291
224: 287
225: 299
226: 81
230: 101
232: 22, 231, 273
235: 11, 60, 209
238: 8, 131, 251
239: 35, 79, 84
241: 28, 56
242: 170, 280
244: 109
246: 108, 182
248: 127, 130, 150, 202, 257
249: 66, 206
252: 61
254: 23, 277
255: 24, 225, 285
256: 185
258: 129, 244, 298
259: 154
260: 27, 73, 199
262: 168, 192
263: 99, 138
264: 72
265: 254
267: 152, 171
269: 30, 93, 260
271: 143, 218
273: 245, 261
274: 67, 126
275: 3, 48
277: 178, 200
280: 176, 249
283: 119
286: 87, 173, 224, 256
288: 149, 217, 222, 276, 284
289: 5
292: 9, 38
293: 59
295: 75, 104
SOLUTION
1018.920879
156: 1, 2, 7, 9, 11, 18, 21, 23, 26, 27, 30, 34, 37, 38, 39, 40, 42, 43, 45, 46, 47, 51, 53, 55, 56, 60, 61, 63, 67, 68, 70, 71, 73, 74, 78, 79, 80, 81, 82, 83, 89, 91, 92, 95, 96, 97, 99, 100, 101, 103, 104, 107, 109, 110, 111, 113, 116, 117, 118, 120, 122, 124, 128, 130, 133, 135, 136, 138, 141, 145, 146, 147, 148, 150, 151, 153, 154, 155, 156, 157, 158, 160, 168, 170, 171, 172, 173, 174, 178, 180, 182, 184, 185, 186, 187, 190, 192, 193, 194, 197, 201, 202, 203, 207, 208, 212, 213, 214, 215, 218, 220, 222, 223, 225, 226, 227, 228, 229, 230, 234, 237, 239, 242, 243, 245, 246, 248, 249, 250, 251, 253, 255, 256, 257, 258, 260, 262, 264, 265, 267, 268, 269, 271, 278, 279, 281, 282, 284, 288, 289, 290, 293, 294, 295, 299
223: 0, 5, 8, 10, 12, 13, 15, 17, 19, 20, 24, 29, 41, 44, 49, 50, 54, 64, 65, 72, 75, 76, 77, 87, 88, 90, 94, 98, 102, 105, 106, 108, 115, 123, 127, 137, 140, 143, 144, 149, 159, 161, 162, 164, 165, 169, 175, 176, 181, 183, 189, 198, 200, 204, 206, 209, 217, 219, 221, 224, 231, 232, 233, 236, 238, 240, 244, 252, 254, 259, 261, 270, 274, 275, 276, 283, 287, 297
238: 3, 4, 6, 14, 16, 22, 25, 28, 31, 32, 33, 35, 36, 48, 52, 57, 58, 59, 62, 66, 69, 84, 85, 86, 93, 112, 114, 119, 121, 125, 126, 129, 131, 132, 134, 139, 142, 152, 163, 166, 167, 177, 179, 188, 191, 195, 196, 199, 205, 210, 211, 216, 235, 241, 247, 263, 266, 272, 273, 277, 280, 285, 286, 291, 292, 296, 298
1018.920879
3.240765
2
