Academic license - for non-commercial use only
SOLUTION
82750.903696
4: 141
5: 89
7: 125, 197
12: 54, 115
16: 296
17: 51
18: 123, 264
20: 169, 277
22: 138, 213, 235
23: 65
25: 28, 81, 100, 179
28: 166
33: 79, 220, 233
34: 36, 128, 286
36: 246
37: 41, 45, 58, 121, 163, 201
45: 193, 240
46: 44, 153, 263
48: 136
50: 126, 158, 227
52: 33, 242
53: 72, 156
54: 134
55: 25
58: 298
60: 204, 289
63: 133
64: 62, 135, 174, 282
65: 57, 76, 129, 226
68: 212
70: 9
72: 236, 265
73: 207, 243, 288
74: 109, 142, 152
77: 40, 118, 172
80: 177
81: 84, 96, 237
85: 82, 159, 200, 272
89: 122, 186
90: 219
98: 139
99: 52, 203
100: 17, 175
107: 292
108: 2, 160, 205
109: 147, 165, 260
110: 228
113: 74, 80
114: 140
118: 85, 137, 261
127: 63
128: 5, 12, 90, 103, 241
129: 83
133: 120, 180
136: 68
138: 50, 252, 259
139: 0, 7, 16, 20, 269
141: 21, 188
142: 98, 247, 268, 284
143: 14
145: 221
148: 191, 230
149: 19, 173, 223, 297
151: 49, 171
153: 31
154: 78, 208, 210, 258
155: 88, 149
156: 30
157: 181, 196
158: 253
160: 86, 215
161: 42, 255, 278, 283, 293
163: 32, 38, 46, 132, 148, 294
164: 4
165: 43
166: 64, 91
171: 170, 176
174: 234
176: 111
177: 71
178: 146, 190
180: 92, 162, 167
184: 214, 229, 281
185: 1, 238
187: 67, 189, 275
191: 55
193: 105
194: 66
196: 97, 151, 216
198: 87
200: 245, 248
201: 35, 244
203: 37, 53, 144, 194, 262
207: 26, 113, 232, 267
213: 47, 73, 93, 164, 224
214: 155, 295
215: 77
216: 6, 161
217: 266
220: 107, 124, 198, 291
221: 178
222: 117
224: 271, 287
225: 10, 299
227: 99, 184
230: 101
232: 22, 231, 273, 279
235: 60, 209
236: 59, 116, 222, 256
237: 18, 75, 94
238: 8, 131, 251
242: 280
247: 112
248: 127, 130, 150, 202, 257
249: 108, 206
251: 11, 183
252: 61
254: 23
255: 24, 225, 285
256: 13, 185, 239
257: 39, 182, 218
259: 154
260: 27, 114, 199
262: 168, 192
265: 187, 254
275: 3, 15, 48
276: 56
278: 110, 217, 270, 276
279: 95, 106, 195, 211, 274
280: 249
282: 143
283: 119, 157
284: 70
290: 69, 145
293: 29
295: 34, 104, 250
299: 102, 290
SOLUTION
1019.096989
156: 1, 2, 7, 9, 11, 18, 21, 23, 26, 27, 30, 34, 37, 38, 39, 40, 42, 43, 45, 46, 47, 51, 53, 55, 56, 60, 61, 63, 67, 68, 70, 71, 73, 74, 78, 79, 80, 81, 82, 83, 89, 91, 92, 95, 96, 97, 99, 100, 101, 103, 104, 107, 109, 110, 111, 113, 116, 117, 118, 120, 122, 124, 128, 130, 133, 135, 136, 138, 141, 145, 146, 147, 148, 150, 151, 153, 154, 155, 156, 157, 158, 160, 168, 170, 171, 172, 173, 174, 178, 180, 182, 184, 185, 186, 187, 190, 192, 193, 194, 197, 201, 202, 203, 207, 208, 212, 213, 214, 215, 218, 220, 222, 223, 225, 226, 227, 228, 229, 230, 234, 237, 239, 242, 243, 245, 246, 248, 249, 250, 251, 253, 255, 256, 257, 258, 260, 262, 264, 265, 267, 268, 269, 271, 278, 279, 281, 282, 284, 288, 289, 290, 293, 294, 295, 299
223: 0, 5, 8, 10, 12, 13, 15, 17, 19, 20, 24, 29, 41, 44, 49, 50, 54, 64, 65, 72, 75, 76, 77, 87, 88, 90, 94, 98, 102, 105, 106, 108, 115, 123, 127, 134, 137, 140, 143, 144, 149, 159, 161, 162, 164, 165, 169, 175, 176, 181, 183, 189, 198, 200, 204, 206, 209, 217, 219, 221, 224, 231, 232, 233, 236, 238, 240, 244, 252, 254, 259, 261, 270, 274, 275, 276, 283, 287, 297
238: 3, 4, 6, 14, 16, 22, 25, 28, 31, 32, 33, 35, 36, 48, 52, 57, 58, 59, 62, 66, 69, 84, 85, 86, 93, 112, 114, 119, 121, 125, 126, 129, 131, 132, 139, 142, 152, 163, 166, 167, 177, 179, 188, 191, 195, 196, 199, 205, 210, 211, 216, 235, 241, 247, 263, 266, 272, 273, 277, 280, 285, 286, 291, 292, 296, 298
SOLUTION
1018.971809
156: 1, 2, 7, 9, 11, 18, 21, 23, 26, 27, 30, 34, 37, 38, 39, 40, 42, 43, 45, 46, 47, 51, 53, 55, 56, 60, 61, 63, 67, 68, 70, 71, 73, 74, 78, 79, 80, 81, 82, 83, 89, 91, 92, 95, 96, 97, 99, 100, 101, 103, 104, 107, 109, 110, 111, 113, 116, 117, 118, 120, 122, 124, 128, 130, 133, 135, 136, 138, 141, 145, 146, 147, 148, 150, 151, 153, 154, 155, 156, 157, 158, 160, 170, 171, 172, 173, 174, 178, 180, 182, 184, 185, 186, 187, 190, 192, 193, 194, 197, 201, 202, 203, 207, 208, 212, 213, 214, 215, 218, 220, 222, 223, 225, 226, 227, 228, 229, 230, 234, 237, 239, 242, 243, 245, 246, 248, 249, 250, 251, 253, 255, 256, 257, 258, 260, 262, 264, 265, 267, 268, 269, 271, 278, 279, 281, 282, 284, 288, 289, 290, 293, 294, 295, 299
223: 0, 5, 8, 10, 12, 13, 15, 17, 19, 20, 24, 29, 41, 44, 49, 50, 54, 64, 65, 72, 75, 76, 77, 87, 88, 90, 94, 98, 102, 105, 106, 108, 115, 123, 127, 137, 140, 143, 144, 149, 159, 161, 162, 164, 165, 168, 169, 175, 176, 181, 183, 189, 198, 200, 204, 206, 209, 217, 219, 221, 224, 231, 232, 233, 236, 238, 240, 244, 252, 254, 259, 261, 270, 274, 275, 276, 283, 287, 297
238: 3, 4, 6, 14, 16, 22, 25, 28, 31, 32, 33, 35, 36, 48, 52, 57, 58, 59, 62, 66, 69, 84, 85, 86, 93, 112, 114, 119, 121, 125, 126, 129, 131, 132, 134, 139, 142, 152, 163, 166, 167, 177, 179, 188, 191, 195, 196, 199, 205, 210, 211, 216, 235, 241, 247, 263, 266, 272, 273, 277, 280, 285, 286, 291, 292, 296, 298
1018.971809
4.009161
2
